-1
-1
-1
-1
-1
473
-1
-1
-1
-1
-1
-1
367
-1
-1
383
-1
990
-1
1193
385
889
-1
841
587
325
-1
-1
314
-1
296
311
-1
758
265
-1
78
315
575
-1
653
520
-1
167
-1
733
318
339
316
97
-1
106
291
688
-1
294
-1
488
372
380
-1
-1
283
301
249
219
55
278
246
271
84
211
109
159
199
199
-1
289
356
179
103
150
121
-1
-1
161
107
136
126
138
255
113
193
100
-1
289
200
225
91
215
219
105
239
228
126
198
138
89
71
179
233
111
198
355
63
132
114
147
20
77
118
-1
158
62
79
96
222
112
102
62
195
100
78
145
64
58
88
97
68
32
388
60
236
54
114
66
10
123
-1
63
84
77
149
81
64
37
64
94
34
44
75
206
145
-1
80
91
123
85
35
96
99
115
63
115
81
35
97
40
16
119
115
63
109
130
339
67
60
82
124
93
139
63
79
104
9
103
68
83
89
68
91
114
102
84
71
63
72
170
69
49
58
39
114
68
120
80
79
93
65
45
104
36
144
42
70
71
43
6
93
81
66
96
110
67
93
70
58
22
75
67
33
65
5
48
71
109
33
92
64
9
75
32
80
62
61
51
43
44
53
52
64
94
22
31
57
47
20
51
44
46
38
54
59
60
15
56
52
42
40
43
58
37
114
49
48
46
53
37
13
52
82
63
