31
42
39
45
35
36
25
34
43
47
37
44
43
26
52
23
32
48
40
24
17
47
37
39
40
35
40
29
5
32
53
22
26
51
55
20
41
30
29
39
27
45
41
35
34
59
38
39
37
49
38
28
16
37
34
32
41
39
41
40
42
38
28
27
42
37
40
29
65
28
22
11
42
45
33
22
65
55
26
34
53
22
27
49
15
54
27
33
33
29
31
47
37
44
36
31
17
28
52
22
52
31
36
49
25
44
44
20
51
24
40
34
32
41
21
38
39
45
39
39
43
20
28
34
44
43
44
27
85
34
43
31
28
5
45
13
45
43
21
36
24
34
29
39
38
25
28
33
49
32
47
48
33
36
58
100
32
38
31
38
33
41
32
38
33
42
38
38
38
43
47
20
27
29
30
22
31
37
47
37
30
35
48
43
32
29
25
25
5
33
28
34
40
48
35
30
43
21
21
53
38
30
34
25
31
52
22
43
52
37
38
34
40
36
43
49
55
28
32
41
36
58
29
42
38
40
39
43
42
53
28
16
42
31
38
37
36
41
34
28
36
40
37
36
54
38
30
25
51
20
44
45
23
34
67
36
31
31
50
30
27
43
49
22
36
35
36
20
49
42
40
44
24
29
37
38
44
20
38
35
34
35
47
44
33
56
43
30
44
43
