500 6342
5 2 50
8 4 55
9 6 342
11 1 33
12 4 139
14 2 22
14 5 5
14 7 141
14 11 145
18 7 5
19 17 61
20 10 136
22 11 147
22 12 87
24 2 178
24 9 204
25 5 94
27 21 89
29 3 72
31 8 5
31 13 83
32 6 74
32 22 199
34 8 104
35 1 97
35 6 124
35 15 47
35 25 89
36 3 70
36 20 5
36 24 44
37 27 59
38 9 25
38 18 62
38 20 147
38 21 76
39 10 199
40 0 48
40 7 207
40 12 73
40 17 91
42 4 12
42 28 381
43 6 38
44 26 7
45 9 20
45 23 12
46 10 13
46 15 80
46 30 135
47 2 63
47 15 28
47 37 28
48 43 7
48 45 33
49 8 171
49 22 5
49 25 5
50 7 41
51 7 86
52 9 23
52 14 41
52 26 7
52 31 28
52 40 236
53 7 56
53 22 76
53 50 251
54 31 55
54 34 134
54 35 24
56 0 158
56 26 48
56 47 284
57 1 522
57 21 35
57 52 18
58 6 15
58 38 174
59 4 5
59 39 79
59 43 11
59 49 125
59 55 116
59 57 40
60 49 144
60 57 33
61 48 5
61 52 68
62 20 114
62 25 125
62 55 36
63 1 92
63 43 199
64 50 243
65 21 26
66 49 68
67 5 47
67 8 30
67 9 13
67 25 46
67 48 44
68 24 61
68 28 87
69 20 91
69 22 15
69 33 49
69 53 301
70 7 24
70 28 5
70 41 124
70 42 20
70 60 43
71 0 135
71 3 51
71 7 5
71 15 114
71 39 65
71 52 169
71 57 5
72 3 14
72 29 6
73 0 46
73 31 412
73 37 6
73 53 103
73 69 146
74 25 47
74 26 196
74 42 46
74 59 21
75 26 107
75 71 24
76 7 232
76 9 89
76 33 25
76 45 48
76 51 96
76 54 15
76 61 371
76 64 103
77 12 32
77 14 198
77 16 70
77 29 45
77 37 17
78 3 34
78 5 96
78 25 133
78 33 73
79 8 29
79 12 99
79 16 120
79 71 28
80 42 71
80 64 58
80 79 30
81 40 92
81 44 15
81 48 18
81 52 171
81 74 227
81 76 6
82 2 141
82 28 35
82 32 65
82 33 219
82 60 14
82 63 73
82 71 29
82 76 17
83 8 71
83 11 5
83 74 56
84 26 205
84 34 5
84 38 108
85 20 18
85 28 62
85 48 46
85 61 5
85 62 57
85 77 88
85 82 67
86 1 143
86 3 158
86 21 169
86 30 11
86 42 160
86 45 122
86 62 359
86 66 325
86 68 354
86 69 10
86 80 138
87 6 221
87 23 14
87 71 39
87 79 38
88 17 5
88 25 76
88 70 11
88 75 328
88 76 92
88 80 5
89 13 30
89 51 249
89 54 12
89 55 367
89 59 45
89 71 64
90 5 10
90 13 57
90 41 67
90 47 20
90 60 100
90 80 72
91 58 420
91 72 121
91 84 107
91 90 11
92 73 249
93 34 84
93 64 353
93 85 5
94 5 15
94 49 5
94 89 50
95 3 121
95 7 5
95 55 123
95 75 59
95 76 44
95 94 86
96 0 117
96 3 23
96 41 204
96 45 53
96 52 48
96 55 5
96 61 29
96 79 25
97 5 46
97 10 85
97 37 58
97 40 48
97 55 53
97 79 12
97 88 62
97 95 60
98 5 28
98 9 52
98 21 26
98 25 5
98 30 246
98 35 262
98 79 5
98 81 208
98 83 71
98 90 270
99 24 64
99 56 5
99 71 28
99 77 155
99 80 114
100 38 49
100 49 12
100 50 47
100 70 83
101 26 17
101 30 7
101 65 45
101 84 59
101 90 178
102 22 31
102 34 100
102 42 5
102 68 7
102 91 147
102 95 61
103 12 76
103 16 61
103 33 27
103 36 66
103 41 380
103 52 136
103 54 37
103 73 23
103 79 81
103 96 131
103 99 204
104 44 76
104 49 161
104 62 5
104 64 176
104 78 25
105 31 64
105 37 66
105 88 190
105 94 5
106 24 90
106 51 158
106 93 116
106 102 5
107 7 63
107 75 213
107 103 404
108 2 30
108 6 57
108 10 132
108 21 12
108 48 72
108 50 98
108 52 116
109 1 16
109 5 37
109 13 25
109 42 5
109 47 80
109 50 202
109 51 101
109 53 218
109 76 40
109 81 47
109 82 5
110 49 289
110 54 17
110 55 169
110 66 55
110 98 156
111 2 128
111 30 198
111 70 227
111 81 7
112 4 254
112 14 77
112 49 71
112 52 5
112 57 104
112 58 205
112 74 62
113 1 119
113 28 60
113 30 16
113 34 12
113 45 92
113 77 51
113 81 41
113 108 127
114 37 48
114 51 16
114 52 52
115 87 275
115 102 183
116 32 33
116 70 213
116 74 7
116 77 45
116 101 22
117 20 29
117 38 5
117 46 42
117 53 192
117 72 168
117 74 17
117 86 30
117 87 41
117 102 86
117 111 140
117 114 214
118 15 46
118 21 13
118 33 136
119 29 208
119 75 153
119 78 83
119 115 6
120 14 80
120 30 58
120 34 72
120 48 48
120 56 33
121 10 55
121 26 176
121 45 239
121 74 5
121 117 128
122 0 275
122 105 18
123 25 79
123 41 42
123 51 190
123 53 51
123 58 77
123 71 65
123 117 51
123 119 187
124 6 371
124 24 145
124 39 60
124 48 76
124 55 13
124 73 109
124 107 53
124 123 239
125 68 251
126 5 50
126 8 530
126 21 5
126 45 48
126 71 115
126 72 16
127 13 16
127 89 36
128 26 5
128 33 80
128 57 191
128 60 277
128 66 93
128 84 146
128 89 327
129 2 171
129 11 81
129 57 127
129 68 5
130 17 62
130 99 5
130 102 291
130 125 71
130 127 79
131 8 137
131 19 47
131 65 115
131 80 27
131 95 27
131 99 64
131 122 13
132 1 75
132 36 57
132 41 197
132 61 5
132 64 113
132 65 124
132 73 78
132 93 102
133 60 165
133 73 178
133 78 36
133 79 226
133 80 8
133 103 13
133 105 54
134 1 19
134 103 362
134 125 13
135 5 30
135 10 189
135 45 47
135 59 9
135 77 242
135 84 61
135 89 100
135 127 19
136 16 79
136 29 244
136 34 133
136 39 80
136 58 20
136 64 157
136 81 136
136 93 114
136 104 27
136 113 213
136 135 88
137 5 95
137 10 46
137 16 5
137 70 220
137 79 5
137 83 9
137 97 40
137 101 127
137 107 16
137 120 49
138 18 38
138 59 78
138 75 57
138 88 67
138 124 6
138 133 290
139 41 162
139 58 33
139 68 46
139 112 85
139 134 17
140 12 46
140 38 61
140 44 58
140 50 5
140 75 75
140 94 6
140 114 139
140 126 87
140 138 56
141 7 30
141 22 91
141 77 12
141 88 329
141 115 156
141 117 140
142 8 108
142 45 44
142 50 102
142 59 41
142 60 64
142 72 154
142 77 90
142 135 282
143 53 85
143 90 54
143 118 110
144 3 7
144 13 99
144 27 35
144 42 44
144 45 8
144 54 15
144 55 111
144 60 94
144 71 62
144 85 114
144 116 147
144 119 39
144 136 14
145 12 5
145 32 336
145 36 31
145 48 142
145 62 30
145 64 75
145 98 189
145 117 11
145 130 116
146 7 33
146 52 42
146 91 23
146 137 109
147 9 100
147 51 96
147 53 160
147 66 60
147 89 86
147 111 73
147 141 177
147 142 16
148 5 38
148 17 61
148 33 158
148 53 201
148 55 127
148 75 531
148 82 109
148 98 103
148 123 7
148 133 16
149 18 85
149 21 145
149 25 21
149 28 261
149 63 14
149 69 127
149 76 14
149 82 110
149 118 199
149 142 95
150 22 394
150 45 35
150 48 26
150 50 23
150 59 31
150 78 55
150 93 11
150 106 5
151 38 5
151 54 38
151 133 43
151 135 28
151 144 23
152 63 136
152 66 43
152 79 7
152 81 174
152 82 181
152 121 578
152 139 29
152 148 10
152 150 39
153 17 74
153 39 110
153 49 275
153 53 24
153 85 56
153 104 39
153 108 67
154 37 168
154 42 61
154 98 71
154 113 69
154 122 203
155 22 135
155 49 52
155 51 16
155 61 107
155 86 62
155 90 147
155 116 28
155 124 85
155 133 10
155 147 64
156 33 25
156 55 192
156 59 112
156 65 202
156 76 29
156 89 318
156 121 7
156 141 88
156 147 17
156 152 45
157 4 73
157 9 54
157 12 78
157 67 91
157 74 100
157 75 84
157 156 28
158 17 24
158 29 59
158 42 47
158 62 196
158 76 61
158 110 22
158 114 22
158 119 264
158 132 110
158 149 71
159 11 77
159 23 155
159 29 71
159 38 152
159 44 197
159 69 10
159 81 236
159 85 216
159 107 317
159 109 199
159 150 119
159 156 54
160 6 102
160 42 473
160 53 185
160 89 93
160 101 5
160 112 86
160 120 42
161 5 486
161 58 147
161 72 158
161 81 62
161 110 47
161 128 57
162 58 61
162 73 291
162 87 285
162 124 20
162 128 79
162 157 69
163 4 171
163 67 92
163 78 68
163 82 138
163 90 131
163 93 197
163 103 22
163 109 68
163 126 23
164 62 42
164 79 90
164 82 367
164 86 21
164 115 101
164 127 206
164 131 92
165 20 402
165 35 45
165 42 73
165 52 287
165 60 59
165 62 164
165 77 92
165 90 422
165 97 97
165 100 143
165 108 84
165 117 82
165 146 48
165 155 31
166 17 20
166 19 59
166 30 22
166 77 5
166 100 19
166 120 328
166 121 313
167 2 87
167 18 119
167 38 360
167 59 32
167 79 82
167 129 49
167 138 123
168 68 295
168 126 95
168 153 38
168 160 221
168 163 16
169 5 127
169 14 55
169 20 17
169 36 161
169 44 10
169 83 29
169 85 36
169 101 37
169 123 38
169 127 79
169 129 192
169 142 340
170 16 31
170 21 62
170 84 9
170 108 56
170 130 10
171 10 84
171 27 459
171 41 5
171 46 120
171 54 137
171 58 157
171 64 259
171 94 92
171 100 198
171 108 56
171 135 64
171 139 75
171 143 14
172 5 62
172 14 25
172 25 7
172 29 168
172 47 11
172 67 221
172 94 139
172 142 5
172 152 27
173 30 249
173 39 56
173 42 69
173 62 23
173 129 182
173 158 54
174 13 283
174 32 160
174 45 194
174 54 35
174 95 107
174 116 231
174 119 146
174 129 5
175 0 44
175 19 57
175 38 38
175 39 150
175 49 77
175 85 211
175 140 102
175 148 128
176 32 106
176 41 22
176 62 99
176 68 257
176 71 79
176 84 126
176 97 132
176 142 206
176 143 59
176 146 5
176 155 39
177 13 5
177 68 239
177 79 198
177 85 321
177 90 258
177 121 391
177 128 233
177 160 89
178 51 137
178 53 42
178 57 71
178 61 260
178 67 318
178 76 90
178 124 142
178 138 10
178 175 439
179 3 205
179 8 99
179 30 24
179 36 9
179 48 27
179 61 48
179 62 34
179 71 10
179 88 343
179 137 274
179 156 156
180 41 177
180 56 62
180 76 89
180 120 61
181 21 81
181 41 5
181 46 5
181 51 439
181 139 46
181 154 566
181 155 5
182 6 103
182 37 475
182 58 133
182 61 56
182 67 260
182 92 46
182 146 23
182 163 227
182 170 141
183 26 33
183 30 87
183 36 82
183 38 34
183 53 56
183 54 92
183 67 17
183 94 32
183 96 56
183 98 279
183 105 28
183 138 8
183 173 214
183 178 139
184 72 106
184 111 168
184 118 30
184 119 280
184 123 265
184 131 371
184 159 280
184 161 134
185 2 30
185 24 5
185 58 79
185 75 20
185 85 47
185 92 61
185 171 5
186 9 36
186 14 15
186 40 82
186 53 106
186 54 72
186 64 76
186 90 10
186 108 8
186 120 67
186 130 66
186 137 100
186 150 330
186 164 5
186 168 13
187 6 209
187 10 117
187 23 9
187 26 23
187 31 49
187 47 55
187 94 180
187 163 149
187 176 5
187 182 184
188 6 67
188 18 29
188 44 69
188 67 6
188 78 231
188 181 109
188 186 64
189 22 11
189 36 262
189 39 7
189 42 55
189 77 127
189 90 37
189 105 26
189 106 17
189 113 27
189 123 247
189 126 79
189 132 38
189 144 51
189 149 81
189 150 72
190 45 16
190 50 63
190 63 108
190 68 5
190 74 267
190 94 137
190 96 154
190 109 231
190 110 490
190 175 43
190 185 6
191 8 40
191 27 8
191 51 84
191 52 13
191 76 30
191 86 418
191 164 7
191 179 106
191 180 84
191 183 6
191 189 96
192 33 88
192 34 54
192 59 22
192 61 153
192 75 456
192 99 5
192 127 64
192 174 72
192 175 97
192 184 109
192 185 33
192 189 53
193 14 60
193 113 131
193 128 30
193 158 343
193 191 16
194 59 330
194 68 130
194 69 307
194 86 98
194 140 28
194 161 15
194 171 5
195 47 39
195 60 90
195 85 38
195 92 326
195 123 111
195 140 34
195 143 115
195 147 18
195 158 111
196 7 33
196 81 125
196 84 41
196 113 86
196 118 244
196 126 55
196 133 176
196 137 56
196 139 5
196 143 309
196 161 397
196 167 77
196 170 105
196 180 25
196 189 26
196 191 145
196 193 36
197 10 24
197 16 95
197 32 60
197 41 84
197 60 10
197 89 51
197 162 309
197 173 84
197 190 9
197 191 17
198 0 5
198 1 58
198 2 87
198 3 84
198 38 193
198 51 45
198 74 362
198 75 330
198 133 393
198 140 32
198 143 40
198 164 103
198 192 23
198 197 91
199 5 6
199 8 388
199 51 91
199 58 28
199 97 32
199 100 27
199 114 72
199 184 7
200 2 23
200 36 51
200 65 105
200 71 31
200 80 19
200 117 106
200 128 435
200 138 5
200 140 232
200 141 24
200 143 199
200 178 89
200 179 24
200 187 48
201 7 56
201 20 74
201 44 99
201 53 45
201 83 141
201 89 26
201 121 30
201 142 5
201 155 386
201 175 102
202 24 248
202 27 7
202 44 5
202 54 133
202 73 197
202 88 134
202 97 36
202 103 147
202 115 33
202 132 13
202 141 110
202 160 282
202 162 40
202 168 69
202 173 55
202 180 10
202 184 76
202 201 18
203 12 76
203 24 93
203 47 93
203 53 34
203 60 35
203 61 251
203 147 11
203 165 185
203 166 120
203 186 102
203 192 477
203 200 94
204 38 161
204 46 128
204 47 166
204 51 51
204 67 26
204 74 100
204 87 73
204 111 46
204 122 11
204 175 237
204 184 19
204 185 238
204 193 42
204 201 641
205 14 108
205 28 52
205 44 53
205 89 38
205 119 63
205 123 176
205 149 64
205 158 173
205 175 111
205 177 16
205 185 275
206 12 5
206 27 343
206 38 225
206 40 246
206 58 33
206 68 155
206 83 154
206 85 180
206 110 280
206 127 8
206 138 80
206 143 455
206 188 58
206 196 153
206 204 124
207 6 95
207 54 36
207 57 5
207 69 181
207 83 123
207 95 47
207 121 23
207 123 28
207 128 249
207 206 37
208 32 35
208 42 67
208 68 163
208 100 163
208 113 145
208 151 98
208 175 47
208 199 5
209 31 5
209 67 32
209 94 78
209 117 184
209 118 64
209 119 51
209 126 5
209 129 176
209 134 55
209 139 121
209 141 78
209 142 72
209 158 18
209 172 238
209 190 18
209 196 28
209 205 64
210 2 28
210 60 353
210 80 56
210 107 42
210 150 5
211 1 153
211 5 142
211 18 149
211 22 136
211 25 34
211 54 79
211 69 5
211 71 89
211 81 154
211 145 44
211 192 21
211 204 93
211 205 121
212 17 113
212 51 84
212 65 82
212 86 55
212 139 6
212 167 117
212 189 28
213 20 34
213 29 164
213 42 286
213 77 8
213 93 15
213 103 255
213 112 68
213 149 152
213 156 176
213 172 250
213 175 5
213 186 73
213 190 155
213 195 100
214 15 90
214 19 10
214 26 140
214 34 42
214 44 156
214 46 218
214 63 266
214 92 114
214 108 94
214 134 14
214 141 83
214 145 224
214 161 19
214 195 47
215 22 99
215 24 149
215 25 112
215 28 5
215 36 25
215 56 67
215 65 81
215 83 17
215 86 67
215 105 16
215 117 394
215 127 5
215 159 58
215 181 358
215 204 56
216 34 5
216 43 13
216 59 96
216 82 10
216 114 161
216 135 220
216 142 45
216 146 28
216 188 118
217 14 31
217 42 493
217 55 155
217 60 14
217 69 12
217 78 77
217 86 14
217 94 66
217 100 245
217 155 125
217 176 13
217 184 69
218 7 149
218 12 68
218 17 33
218 24 735
218 59 296
218 165 50
218 182 136
219 27 243
219 32 35
219 47 125
219 64 322
219 84 18
219 133 116
219 171 33
219 181 68
219 206 22
219 213 15
219 214 288
220 23 22
220 103 82
220 109 111
220 110 80
220 120 119
220 124 37
220 143 45
220 152 39
220 153 53
220 163 106
220 164 12
220 189 217
220 191 77
220 195 81
220 202 122
220 203 77
221 20 15
221 46 142
221 65 97
221 74 8
221 79 5
221 105 25
221 125 34
221 162 141
221 171 27
221 172 372
221 181 197
222 1 51
222 67 43
222 87 33
222 134 15
222 137 63
222 145 30
222 152 246
222 175 319
222 180 30
222 192 5
222 210 162
223 10 522
223 56 5
223 64 472
223 71 302
223 91 209
223 93 6
223 115 79
223 125 193
223 140 69
223 145 14
223 150 19
223 152 5
223 158 93
223 190 84
224 24 45
224 30 12
224 47 55
224 54 38
224 68 270
224 87 155
224 94 100
224 96 83
224 100 270
224 102 58
224 108 61
224 113 15
224 132 11
224 135 28
224 147 240
224 158 67
224 172 28
224 198 216
225 1 126
225 3 92
225 12 13
225 32 66
225 35 150
225 38 107
225 41 206
225 55 15
225 150 99
225 160 201
225 187 5
225 189 211
225 205 21
226 13 78
226 22 196
226 56 115
226 87 70
226 127 45
226 133 63
226 159 60
226 185 44
227 14 104
227 29 81
227 53 64
227 88 57
227 93 107
227 128 43
227 138 264
227 146 18
227 200 181
228 84 24
228 102 59
228 123 5
228 141 65
228 223 5
229 31 164
229 41 15
229 62 54
229 86 5
229 107 121
229 126 46
229 128 5
229 151 36
229 152 64
229 185 136
229 222 141
230 39 146
230 42 88
230 52 7
230 118 269
230 125 5
230 147 29
230 157 10
230 160 34
230 204 175
230 227 214
231 29 31
231 78 56
231 85 68
231 91 127
231 116 5
231 128 5
231 132 81
231 136 20
231 148 81
231 200 54
231 212 17
231 219 290
232 22 19
232 30 272
232 65 105
232 89 255
232 103 97
232 114 19
232 141 107
232 143 178
232 162 50
232 185 129
232 189 21
232 218 81
232 228 205
233 2 89
233 31 197
233 35 58
233 74 5
233 114 43
233 137 108
233 190 173
233 207 667
233 213 25
234 44 325
234 51 5
234 71 31
234 77 24
234 104 138
234 122 112
234 178 24
234 181 35
234 199 76
234 209 119
235 53 204
235 101 169
235 117 202
235 148 78
235 168 5
235 188 176
235 196 39
235 207 8
235 222 20
235 224 71
235 227 47
236 61 58
236 67 33
236 70 11
236 112 137
236 123 106
236 140 149
236 149 329
236 151 95
236 154 5
236 158 87
236 165 121
236 180 24
236 182 211
236 191 32
236 199 108
236 202 54
236 203 56
236 205 102
236 207 73
236 217 40
237 5 5
237 48 74
237 52 90
237 68 144
237 88 36
237 96 33
237 131 25
237 149 392
237 166 14
237 201 104
237 223 20
237 234 86
238 19 67
238 20 187
238 59 207
238 76 28
238 81 156
238 104 79
238 187 154
238 193 156
238 202 41
238 227 37
239 11 30
239 19 58
239 51 351
239 97 58
239 154 12
239 234 201
240 20 107
240 46 258
240 130 68
240 173 49
240 181 11
240 212 134
240 220 213
241 4 82
241 6 27
241 8 13
241 21 10
241 50 74
241 58 232
241 73 160
241 86 186
241 87 25
241 99 44
241 166 61
241 222 68
242 4 5
242 35 106
242 68 12
242 82 67
242 83 34
242 97 139
242 131 10
242 137 68
242 162 112
242 168 5
242 169 218
242 188 5
242 193 83
243 16 28
243 20 5
243 30 49
243 37 285
243 66 80
243 82 147
243 114 73
243 139 108
243 211 5
243 229 23
243 238 101
244 3 353
244 32 43
244 58 264
244 66 74
244 78 5
244 134 161
244 180 11
244 209 59
244 213 24
244 214 55
244 222 32
244 235 16
244 240 217
245 18 329
245 40 273
245 97 153
245 118 107
245 123 211
245 142 65
245 207 239
245 208 357
245 213 18
245 228 36
246 27 154
246 38 5
246 45 29
246 64 173
246 68 31
246 80 6
246 107 278
246 150 109
246 152 305
246 189 5
246 191 68
246 215 28
246 225 5
246 235 203
246 240 40
247 17 26
247 34 41
247 53 7
247 95 102
247 151 147
247 175 6
247 183 77
247 232 92
248 8 178
248 65 194
248 68 364
248 81 33
248 102 105
248 109 29
248 118 27
248 121 123
248 131 27
248 138 243
248 158 30
248 181 7
248 195 5
248 213 73
248 241 196
249 31 30
249 51 164
249 75 61
249 82 226
249 107 28
249 109 223
249 179 30
249 184 139
249 235 12
249 237 180
249 241 5
250 8 422
250 28 153
250 38 74
250 82 302
250 85 83
250 111 116
250 128 5
250 156 51
250 167 16
250 218 153
250 227 11
250 237 122
250 248 153
250 249 195
251 6 104
251 22 73
251 29 128
251 33 107
251 49 29
251 80 12
251 84 13
251 94 241
251 128 23
251 139 30
251 201 101
251 207 85
251 208 354
251 214 130
251 219 81
252 1 5
252 22 53
252 32 22
252 38 10
252 67 9
252 70 41
252 74 227
252 85 7
252 86 102
252 100 165
252 115 180
252 125 313
252 129 12
252 149 121
252 191 106
252 213 80
252 225 52
252 227 41
252 235 177
252 236 24
253 0 192
253 2 21
253 3 115
253 12 49
253 13 28
253 23 154
253 54 55
253 63 360
253 116 241
253 144 32
253 150 32
253 154 64
253 164 28
253 176 149
253 204 66
253 209 84
253 214 103
254 20 6
254 32 47
254 67 32
254 71 14
254 109 189
254 124 13
254 129 46
254 131 5
254 151 93
254 212 19
254 216 52
254 223 42
254 232 36
254 239 185
254 247 67
255 104 355
255 138 230
255 144 154
255 173 46
255 243 192
255 245 57
256 17 112
256 19 12
256 44 146
256 47 71
256 64 5
256 104 61
256 133 88
256 143 84
256 222 56
256 232 65
256 239 73
257 6 150
257 53 5
257 61 65
257 91 444
257 95 86
257 103 165
257 110 5
257 127 5
257 128 114
257 130 67
257 148 106
257 149 25
257 165 96
257 171 74
257 181 17
257 198 5
257 209 71
257 217 55
257 241 110
257 251 74
258 23 77
258 29 221
258 39 174
258 43 122
258 72 309
258 96 170
258 118 74
258 144 224
258 209 85
258 238 203
258 246 6
259 1 27
259 26 121
259 31 38
259 56 129
259 68 94
259 76 119
259 78 155
259 86 402
259 96 6
259 98 26
259 129 58
259 142 15
259 166 243
259 174 76
259 210 108
259 221 15
259 253 53
260 15 132
260 35 9
260 36 93
260 37 44
260 97 220
260 119 122
260 133 52
260 140 63
260 145 109
260 164 93
260 187 14
260 203 37
260 221 82
261 10 59
261 18 68
261 23 146
261 43 9
261 79 8
261 86 91
261 102 86
261 114 122
261 115 14
261 145 10
261 159 165
261 170 124
261 196 46
261 212 378
261 247 11
262 3 164
262 30 25
262 32 5
262 37 34
262 55 20
262 57 51
262 76 8
262 114 221
262 116 205
262 125 7
262 149 8
262 157 86
262 182 11
262 191 45
262 197 141
262 235 44
262 254 97
262 257 11
263 22 275
263 25 124
263 33 27
263 39 103
263 53 5
263 84 5
263 89 57
263 104 35
263 133 146
263 150 175
263 158 53
263 169 41
263 170 5
263 218 17
263 230 68
263 257 28
264 8 53
264 21 70
264 26 223
264 27 43
264 33 164
264 36 76
264 37 19
264 54 6
264 77 19
264 129 87
264 155 11
264 170 116
264 180 106
264 208 33
264 219 56
264 244 284
264 258 144
265 42 19
265 59 41
265 83 273
265 86 83
265 91 27
265 98 29
265 99 38
265 123 211
265 124 17
265 170 274
265 181 305
265 206 55
265 212 5
265 213 183
266 31 336
266 55 190
266 125 257
266 151 53
266 156 135
266 167 211
266 186 271
266 214 199
266 248 189
266 259 58
267 0 27
267 18 217
267 61 133
267 62 327
267 69 57
267 86 141
267 91 277
267 113 8
267 124 140
267 132 73
267 139 50
267 140 12
267 180 25
267 246 551
267 250 246
268 18 64
268 76 118
268 89 38
268 151 7
268 193 27
268 212 8
268 217 43
268 242 19
269 7 5
269 17 5
269 57 151
269 60 31
269 68 87
269 84 5
269 100 138
269 107 421
269 113 74
269 116 59
269 175 97
269 215 18
270 2 55
270 39 75
270 40 289
270 43 74
270 46 128
270 50 144
270 61 15
270 130 15
270 135 167
270 150 82
270 151 139
270 168 5
270 192 89
270 203 37
270 211 63
270 230 108
270 241 85
271 8 50
271 13 52
271 126 72
271 133 403
271 137 151
271 146 23
271 149 71
271 172 47
271 197 265
271 209 175
271 240 58
272 24 23
272 39 302
272 58 133
272 73 7
272 75 21
272 94 286
272 118 26
272 127 15
272 133 9
272 148 17
272 159 167
272 161 232
272 162 26
272 186 114
272 201 5
272 207 36
272 215 23
272 221 84
272 264 184
273 8 20
273 10 86
273 15 87
273 38 171
273 39 13
273 73 47
273 78 43
273 126 287
273 145 31
273 155 133
273 228 62
273 245 24
273 262 86
273 267 19
274 7 173
274 27 220
274 77 80
274 91 162
274 97 86
274 130 221
274 134 70
274 150 297
274 209 67
274 237 33
274 249 128
275 13 23
275 28 131
275 49 165
275 63 27
275 82 66
275 83 73
275 106 10
275 111 85
275 137 450
275 140 126
275 154 162
275 202 103
275 204 11
275 268 106
276 6 70
276 53 24
276 58 65
276 67 69
276 76 172
276 79 36
276 111 115
276 145 116
276 158 42
276 185 307
276 192 44
276 228 59
276 234 220
276 238 77
276 241 63
276 246 177
276 257 78
277 0 14
277 22 88
277 43 15
277 99 67
277 157 38
277 158 43
277 161 16
277 180 86
277 190 92
277 200 5
277 258 70
277 259 170
277 263 33
278 14 98
278 15 39
278 55 44
278 82 14
278 84 66
278 100 100
278 120 92
278 121 79
278 137 266
278 147 21
278 149 133
278 160 120
278 167 15
278 181 23
278 192 5
278 193 112
278 198 330
279 10 40
279 23 98
279 34 187
279 35 553
279 63 39
279 65 276
279 68 14
279 78 28
279 85 15
279 117 25
279 175 30
279 195 28
279 202 112
279 241 145
279 274 100
280 31 129
280 38 9
280 53 5
280 57 65
280 60 59
280 80 23
280 85 155
280 96 85
280 141 41
280 142 261
280 147 46
280 156 23
280 175 65
280 203 52
280 210 260
280 225 62
280 228 32
280 240 66
281 27 267
281 79 191
281 144 35
281 159 107
281 201 64
281 204 87
281 216 27
281 228 226
281 246 92
282 13 146
282 20 603
282 27 129
282 35 90
282 36 102
282 54 50
282 59 21
282 79 14
282 116 223
282 131 159
282 152 238
282 165 5
282 168 118
282 176 476
282 196 142
282 244 9
282 257 208
282 273 36
282 278 24
283 0 24
283 62 180
283 81 46
283 88 7
283 117 151
283 166 248
283 173 169
283 176 155
283 182 257
283 204 18
283 210 5
283 213 227
283 259 8
284 20 75
284 26 57
284 43 221
284 51 8
284 63 53
284 70 129
284 78 40
284 107 202
284 111 150
284 118 82
284 134 5
284 151 52
284 162 50
284 210 47
284 249 25
284 253 57
284 269 218
284 281 222
285 3 62
285 6 251
285 15 197
285 16 85
285 42 75
285 50 66
285 55 86
285 60 5
285 65 60
285 76 65
285 122 66
285 127 349
285 133 45
285 148 5
285 160 25
285 168 71
285 215 96
285 224 18
285 242 40
285 245 282
285 272 42
285 274 33
286 9 21
286 44 128
286 46 95
286 51 175
286 73 66
286 112 147
286 136 5
286 157 36
286 167 275
286 188 101
286 195 5
286 253 29
286 256 63
286 285 16
287 10 140
287 37 134
287 58 100
287 75 34
287 99 67
287 122 17
287 126 23
287 207 525
287 215 29
287 252 62
287 269 47
287 272 174
287 279 21
287 280 43
288 0 108
288 26 55
288 30 140
288 107 5
288 121 130
288 126 44
288 149 52
288 170 116
288 188 40
288 216 249
288 256 45
288 258 92
288 259 57
288 261 53
288 271 38
288 286 503
289 2 174
289 54 46
289 58 16
289 69 83
289 125 90
289 159 48
289 210 221
289 279 160
290 16 5
290 32 41
290 70 214
290 81 28
290 90 23
290 102 15
290 110 33
290 128 342
290 163 18
290 164 88
290 195 27
290 220 25
290 228 150
290 239 98
290 252 78
290 273 5
291 4 205
291 10 175
291 19 121
291 46 36
291 49 217
291 64 54
291 81 232
291 82 195
291 95 76
291 97 125
291 113 56
291 125 11
291 140 162
291 163 109
291 168 70
291 180 73
291 181 276
291 224 172
292 1 43
292 3 28
292 7 72
292 21 284
292 45 398
292 55 31
292 95 194
292 115 93
292 119 74
292 122 98
292 132 9
292 156 5
292 176 32
292 192 32
292 210 118
292 211 65
292 222 99
292 240 39
292 251 31
292 254 18
292 272 72
292 274 56
292 291 86
293 2 63
293 27 36
293 52 57
293 62 83
293 69 162
293 87 39
293 91 45
293 114 5
293 121 93
293 122 91
293 136 69
293 140 229
293 154 57
293 155 8
293 182 425
293 184 6
293 190 51
293 203 48
293 222 104
293 278 70
293 288 27
294 77 19
294 108 239
294 112 55
294 138 17
294 189 230
294 194 330
294 197 54
294 201 96
294 231 60
294 247 442
294 258 98
294 275 67
295 4 105
295 25 153
295 35 31
295 50 7
295 57 38
295 76 75
295 78 91
295 97 104
295 117 57
295 129 159
295 168 24
295 208 109
295 274 46
295 276 320
295 282 54
295 291 80
296 5 64
296 24 195
296 60 271
296 69 109
296 133 30
296 190 201
296 221 54
296 257 22
297 12 135
297 20 200
297 32 50
297 72 175
297 92 123
297 99 11
297 104 59
297 119 138
297 126 102
297 199 180
297 210 37
297 212 60
297 219 181
297 225 29
297 239 10
297 247 13
297 270 165
298 49 108
298 54 174
298 69 95
298 103 32
298 119 12
298 137 29
298 152 45
298 167 86
298 195 115
298 204 114
298 211 99
298 215 5
298 218 293
298 226 221
298 233 150
298 255 166
298 278 188
299 10 95
299 38 5
299 66 102
299 68 43
299 151 18
299 180 71
299 209 280
299 225 68
299 244 12
299 260 49
299 289 90
300 12 211
300 16 67
300 28 114
300 119 280
300 152 154
300 161 119
300 197 13
300 225 137
300 235 11
300 251 453
300 253 133
300 265 135
300 291 12
301 4 28
301 12 45
301 15 140
301 21 63
301 77 89
301 119 15
301 177 69
301 178 18
301 189 21
301 205 22
301 241 49
301 291 31
302 7 366
302 8 15
302 55 16
302 56 88
302 83 68
302 85 8
302 90 86
302 94 83
302 142 176
302 179 42
302 210 34
302 224 30
302 227 9
302 234 24
302 253 147
303 29 5
303 60 37
303 79 13
303 94 24
303 152 5
303 155 43
303 213 189
303 231 26
303 249 128
304 9 5
304 37 122
304 49 221
304 59 33
304 66 20
304 94 283
304 118 14
304 127 57
304 187 146
304 215 36
304 291 91
304 298 96
304 300 5
305 13 54
305 38 163
305 44 156
305 64 364
305 66 151
305 81 84
305 85 15
305 135 47
305 152 5
305 155 51
305 158 90
305 162 92
305 166 171
305 196 69
305 197 157
305 211 64
305 245 376
305 247 51
305 258 161
305 285 5
306 6 75
306 28 258
306 44 19
306 45 5
306 94 117
306 103 125
306 107 5
306 123 224
306 133 116
306 135 124
306 153 30
306 155 9
306 271 54
306 276 40
307 11 166
307 37 140
307 53 184
307 65 22
307 66 14
307 69 60
307 138 114
307 150 90
307 186 73
307 198 14
307 221 141
307 245 26
307 249 44
307 262 135
307 282 96
307 296 73
308 40 120
308 50 188
308 52 86
308 99 290
308 102 48
308 181 70
308 189 144
308 191 12
308 204 36
308 214 5
308 238 7
308 251 17
308 263 19
308 303 43
309 36 119
309 69 29
309 87 168
309 103 36
309 124 185
309 132 223
309 142 161
309 181 89
309 202 444
309 208 199
309 219 158
309 250 8
309 260 115
310 24 220
310 49 72
310 60 5
310 75 130
310 77 27
310 122 511
310 128 154
310 236 152
310 242 21
310 247 20
310 265 66
310 302 72
311 11 118
311 33 161
311 52 72
311 56 140
311 68 214
311 86 13
311 135 200
311 143 97
311 161 378
311 241 104
311 245 179
311 276 43
311 292 56
312 16 430
312 40 31
312 55 7
312 74 77
312 94 5
312 111 14
312 147 96
312 183 61
312 187 40
312 228 26
312 242 99
312 277 89
313 30 29
313 45 174
313 49 82
313 84 164
313 90 226
313 93 38
313 123 345
313 160 121
313 176 18
313 207 75
313 212 15
313 245 31
313 250 23
313 293 164
313 294 26
314 26 58
314 109 21
314 132 73
314 148 129
314 165 106
314 168 110
314 172 5
314 200 16
314 202 487
314 249 97
314 250 42
314 270 107
314 281 236
314 289 151
314 301 127
314 305 39
315 4 23
315 63 35
315 81 68
315 86 53
315 95 284
315 102 277
315 133 5
315 196 55
315 208 15
315 209 179
315 247 12
315 264 111
315 267 79
315 312 308
316 43 93
316 68 68
316 112 247
316 173 110
316 185 117
316 208 70
316 210 227
316 216 63
316 282 150
317 46 9
317 48 92
317 108 210
317 123 5
317 143 15
317 180 38
317 189 51
317 212 66
317 235 144
317 243 16
317 277 113
317 281 6
317 305 157
317 314 56
318 12 641
318 13 137
318 15 77
318 136 31
318 168 82
318 222 53
318 249 56
318 251 186
318 252 109
318 259 26
319 0 228
319 40 284
319 51 149
319 70 24
319 82 120
319 83 20
319 117 100
319 121 178
319 179 55
319 182 21
319 186 40
319 195 27
319 227 131
319 250 67
319 251 121
319 252 18
319 254 227
319 285 73
319 310 32
320 18 38
320 20 89
320 31 5
320 44 45
320 47 164
320 59 89
320 92 64
320 96 44
320 101 59
320 132 136
320 149 47
320 150 328
320 166 255
320 199 5
320 228 19
320 247 19
320 248 91
320 252 221
320 258 112
320 293 8
320 298 160
320 311 101
321 18 19
321 49 167
321 63 23
321 82 131
321 97 20
321 129 34
321 134 47
321 184 203
321 197 157
321 203 51
321 225 81
321 264 5
321 274 264
321 284 41
321 285 135
322 10 195
322 31 79
322 32 45
322 33 121
322 67 114
322 68 64
322 76 431
322 89 10
322 97 95
322 105 105
322 112 97
322 115 190
322 124 41
322 134 75
322 143 5
322 165 81
322 184 67
322 240 18
322 251 98
322 265 123
322 277 48
322 280 7
322 287 266
322 301 103
322 302 200
323 23 67
323 36 57
323 45 67
323 101 14
323 102 10
323 118 105
323 130 29
323 174 10
323 185 88
323 219 305
323 230 5
323 250 46
323 278 48
324 8 168
324 48 46
324 75 283
324 76 6
324 118 62
324 127 122
324 129 32
324 138 38
324 156 134
324 163 120
324 174 95
324 182 38
324 197 74
324 209 170
324 231 393
324 292 512
324 302 84
325 48 66
325 63 5
325 87 55
325 128 44
325 155 15
325 175 90
325 240 31
325 266 303
325 324 29
326 60 94
326 69 22
326 92 12
326 116 86
326 216 75
326 270 84
326 284 82
326 292 125
326 298 67
326 301 22
326 309 211
327 14 91
327 15 104
327 32 33
327 51 317
327 67 10
327 110 5
327 131 8
327 132 39
327 198 6
327 203 87
327 233 70
327 274 31
327 289 34
327 303 144
327 307 49
327 326 21
328 1 115
328 6 141
328 21 32
328 34 35
328 49 10
328 85 41
328 97 139
328 103 103
328 144 52
328 163 77
328 164 51
328 220 78
328 223 63
328 275 107
328 308 7
328 317 381
329 21 35
329 32 128
329 88 154
329 105 190
329 219 13
329 245 171
329 249 15
329 252 27
329 270 87
329 272 51
329 288 15
329 305 55
330 7 81
330 9 7
330 21 285
330 30 157
330 44 61
330 92 124
330 104 56
330 113 78
330 130 63
330 131 10
330 139 75
330 162 70
330 184 35
330 186 33
330 188 44
330 211 85
330 226 68
330 232 69
330 246 5
330 251 38
330 253 168
330 255 60
330 279 110
331 57 156
331 120 331
331 169 28
331 178 99
331 182 101
331 200 354
331 209 16
331 252 141
331 256 158
331 282 17
331 298 30
331 305 224
331 329 106
332 69 107
332 85 70
332 123 26
332 138 408
332 143 28
332 148 57
332 150 109
332 157 402
332 174 23
332 190 18
332 198 31
332 211 30
332 222 49
332 229 5
332 249 133
332 250 56
332 262 142
332 284 51
332 318 25
333 7 255
333 21 30
333 39 160
333 69 10
333 82 43
333 93 416
333 144 5
333 187 174
333 228 116
333 238 73
333 249 41
333 260 86
333 283 18
333 316 107
333 332 88
334 14 77
334 21 5
334 25 5
334 105 27
334 108 178
334 188 85
334 213 40
334 233 31
334 251 27
334 289 89
334 295 23
334 326 198
335 17 135
335 60 16
335 71 5
335 104 42
335 115 30
335 144 345
335 149 59
335 159 329
335 167 110
335 241 119
335 246 26
335 270 91
335 286 80
335 317 79
335 327 197
336 3 13
336 17 35
336 33 154
336 39 17
336 80 221
336 84 68
336 108 68
336 127 66
336 147 72
336 148 91
336 149 176
336 186 204
336 200 34
336 245 155
336 263 19
336 275 19
336 307 54
336 321 119
337 28 50
337 84 497
337 89 55
337 98 105
337 126 58
337 129 62
337 153 325
337 163 47
337 238 172
337 274 19
337 296 143
337 313 48
338 89 231
338 108 54
338 109 47
338 114 74
338 120 357
338 151 152
338 162 6
338 165 381
338 192 208
338 230 98
338 236 132
338 239 63
338 281 70
338 310 130
339 6 150
339 15 243
339 21 80
339 64 7
339 67 65
339 76 171
339 77 303
339 115 28
339 116 23
339 118 5
339 181 46
339 220 5
339 221 122
339 276 105
339 277 75
339 280 155
339 284 59
339 295 168
339 323 271
339 330 34
340 15 33
340 18 95
340 38 93
340 41 5
340 109 283
340 130 280
340 156 102
340 194 130
340 223 90
340 226 14
340 262 255
340 282 40
340 286 78
340 312 6
340 325 130
340 326 143
340 330 14
341 2 185
341 31 41
341 32 113
341 59 395
341 61 107
341 84 103
341 107 5
341 128 211
341 192 144
341 212 156
341 244 10
341 261 174
341 274 141
341 288 48
341 295 167
341 306 243
341 307 28
342 45 267
342 55 48
342 68 501
342 78 5
342 92 22
342 109 206
342 111 68
342 112 23
342 127 9
342 153 25
342 176 31
342 179 40
342 181 80
342 217 24
342 256 147
342 285 93
342 304 299
342 325 5
342 326 179
342 336 12
343 25 39
343 32 16
343 39 47
343 83 86
343 93 174
343 107 84
343 138 5
343 159 98
343 163 214
343 164 55
343 166 73
343 194 63
343 197 48
343 211 24
343 219 118
343 221 17
343 258 84
343 273 5
343 274 261
343 275 122
343 287 29
343 324 20
343 326 5
344 12 5
344 49 5
344 87 121
344 94 9
344 103 64
344 127 23
344 134 43
344 189 46
344 201 33
344 212 5
344 215 5
344 243 77
344 267 186
344 277 9
344 300 51
344 342 37
345 15 175
345 35 32
345 38 297
345 48 54
345 49 28
345 105 50
345 133 86
345 155 15
345 168 29
345 195 73
345 197 149
345 298 300
345 299 114
345 303 6
345 314 77
345 326 52
345 344 65
346 3 16
346 13 80
346 18 9
346 62 9
346 80 8
346 88 15
346 93 24
346 102 56
346 113 67
346 117 12
346 126 75
346 145 12
346 177 162
346 192 21
346 246 5
346 270 28
346 283 101
346 288 41
346 338 13
347 3 32
347 16 149
347 23 111
347 45 46
347 48 116
347 69 73
347 77 290
347 78 56
347 117 8
347 148 18
347 161 108
347 184 25
347 187 72
347 189 19
347 207 96
347 212 105
347 214 18
347 239 7
347 242 149
347 262 114
347 285 81
347 287 204
347 339 5
348 0 24
348 11 21
348 38 34
348 48 125
348 52 89
348 109 58
348 112 315
348 119 138
348 146 38
348 158 112
348 166 110
348 211 7
348 232 162
348 261 69
348 279 56
348 283 97
348 309 5
348 312 205
348 334 113
348 341 136
349 8 14
349 20 134
349 23 50
349 62 138
349 71 43
349 98 30
349 99 5
349 103 91
349 172 178
349 187 232
349 211 246
349 229 52
349 232 108
349 266 41
349 283 123
349 327 11
349 335 191
349 339 43
350 31 164
350 47 176
350 70 311
350 77 10
350 78 153
350 85 22
350 107 125
350 113 42
350 126 138
350 136 71
350 157 103
350 161 136
350 182 17
350 189 38
350 207 235
350 209 289
350 233 13
350 235 5
350 237 370
350 302 103
350 312 23
351 15 171
351 30 45
351 31 125
351 37 110
351 64 12
351 65 6
351 120 331
351 128 184
351 134 5
351 146 39
351 148 265
351 159 71
351 161 71
351 213 318
351 233 31
351 253 57
351 254 47
351 269 43
351 272 13
351 293 241
351 303 21
351 318 76
351 326 256
351 330 34
351 349 109
352 18 212
352 44 78
352 49 21
352 56 46
352 75 37
352 87 94
352 89 411
352 94 290
352 135 37
352 141 239
352 145 26
352 209 5
352 242 14
352 264 104
352 270 249
352 291 311
352 294 5
352 301 121
352 339 64
352 340 142
352 348 90
353 21 39
353 22 173
353 48 82
353 57 110
353 59 108
353 65 155
353 69 164
353 115 130
353 178 53
353 204 8
353 205 64
353 212 59
353 259 104
353 336 5
353 351 56
354 88 50
354 123 275
354 159 25
354 172 18
354 211 53
354 249 241
354 252 144
354 260 7
354 261 78
354 266 162
354 302 9
354 311 51
354 339 133
354 353 95
355 15 39
355 19 18
355 51 253
355 52 93
355 69 464
355 119 10
355 156 342
355 194 175
355 226 247
355 252 139
355 254 156
355 263 43
355 291 424
355 299 93
355 313 30
356 17 5
356 18 155
356 26 151
356 33 170
356 65 45
356 81 40
356 155 147
356 163 84
356 169 5
356 195 16
356 206 60
356 230 40
356 250 28
356 262 48
356 266 71
356 281 132
356 289 29
356 331 44
356 338 84
357 9 95
357 11 20
357 18 94
357 26 10
357 53 164
357 55 232
357 122 14
357 153 10
357 157 11
357 165 9
357 176 63
357 222 11
357 233 64
357 238 45
357 246 5
357 282 7
357 293 45
358 2 27
358 12 187
358 45 146
358 50 259
358 77 5
358 85 61
358 99 5
358 120 125
358 156 181
358 192 246
358 195 50
358 222 94
358 225 140
358 266 61
358 269 151
358 296 70
358 297 7
359 40 162
359 93 131
359 115 67
359 135 202
359 172 53
359 176 15
359 177 63
359 180 72
359 183 224
359 190 29
359 224 80
359 242 39
359 246 17
359 247 289
359 249 261
359 274 24
359 326 277
359 337 153
360 19 104
360 26 294
360 41 39
360 54 46
360 57 39
360 86 91
360 93 35
360 98 23
360 124 5
360 140 73
360 163 76
360 181 8
360 197 151
360 199 24
360 228 104
360 231 13
360 276 198
360 303 162
360 334 16
361 25 81
361 36 20
361 84 50
361 109 225
361 112 210
361 129 37
361 136 26
361 137 185
361 139 127
361 149 34
361 158 5
361 179 17
361 228 207
361 263 63
361 291 138
361 295 273
361 315 87
361 344 56
362 8 25
362 11 189
362 18 19
362 31 73
362 32 255
362 42 199
362 78 226
362 109 37
362 134 37
362 140 207
362 152 46
362 173 145
362 232 85
362 233 22
362 244 254
362 282 82
362 288 35
362 291 416
362 303 107
362 313 498
362 315 34
362 324 238
362 344 11
362 351 35
363 9 451
363 42 74
363 47 235
363 120 49
363 151 135
363 180 27
363 188 273
363 211 111
363 231 7
363 244 28
363 247 68
363 289 95
363 358 87
363 361 41
364 34 26
364 38 35
364 73 80
364 122 33
364 153 92
364 159 234
364 187 19
364 221 256
364 275 50
364 282 319
364 321 30
364 346 28
364 349 308
365 9 128
365 36 5
365 43 106
365 52 28
365 74 109
365 84 173
365 88 94
365 95 10
365 124 160
365 131 35
365 173 208
365 204 6
365 218 126
365 227 87
365 236 199
365 241 19
365 246 81
365 249 132
365 266 24
365 268 49
365 281 234
365 287 177
365 294 189
365 308 34
365 337 265
365 338 36
365 353 14
366 11 76
366 33 23
366 62 98
366 69 30
366 95 12
366 142 86
366 192 92
366 217 5
366 222 244
366 232 96
366 263 61
366 282 22
366 327 403
366 342 149
366 363 141
367 15 5
367 28 16
367 34 275
367 39 139
367 55 99
367 76 205
367 89 16
367 122 5
367 182 159
367 201 38
367 226 81
367 239 132
367 244 41
367 269 68
367 278 107
367 284 90
367 326 17
367 341 33
367 344 60
367 345 76
367 349 20
367 361 106
368 28 9
368 32 151
368 71 5
368 73 31
368 113 10
368 133 12
368 138 46
368 149 72
368 185 203
368 256 218
368 294 37
368 302 18
368 322 56
368 323 126
368 356 477
369 4 33
369 16 143
369 48 201
369 71 11
369 85 58
369 126 111
369 153 51
369 169 47
369 223 353
369 232 5
369 242 116
369 243 65
369 246 380
369 288 70
369 296 11
369 298 45
369 300 10
369 304 25
369 318 89
369 321 161
369 335 301
369 348 113
369 367 89
370 2 95
370 17 182
370 46 271
370 63 86
370 161 58
370 239 36
370 268 55
370 305 51
370 342 52
370 345 34
370 363 149
371 10 40
371 65 74
371 73 29
371 105 6
371 116 205
371 125 31
371 132 31
371 189 30
371 269 40
371 280 269
371 291 8
371 327 24
371 331 199
372 12 191
372 17 7
372 23 220
372 29 170
372 51 20
372 77 15
372 78 39
372 101 315
372 106 163
372 134 85
372 149 21
372 168 98
372 177 114
372 188 121
372 197 13
372 206 5
372 211 30
372 232 119
372 291 52
372 305 147
372 334 42
372 339 183
372 340 50
372 363 63
373 8 223
373 18 137
373 81 118
373 82 17
373 96 377
373 104 116
373 151 5
373 187 75
373 206 527
373 210 122
373 211 175
373 283 281
373 313 18
373 322 57
373 335 5
373 338 69
373 340 107
373 352 65
374 3 27
374 21 208
374 44 5
374 49 38
374 50 41
374 123 151
374 213 255
374 217 48
374 226 45
374 244 22
374 251 30
374 289 157
374 337 128
375 24 301
375 25 191
375 47 49
375 68 67
375 129 41
375 140 8
375 150 58
375 192 23
375 194 53
375 223 211
375 231 74
375 235 417
375 242 62
375 251 75
375 267 5
375 301 125
375 314 200
375 369 39
376 16 222
376 29 55
376 41 97
376 49 136
376 90 43
376 94 50
376 158 485
376 195 145
376 200 40
376 214 23
376 234 255
376 274 95
376 303 60
376 332 75
376 355 254
376 371 32
377 5 8
377 7 521
377 12 160
377 19 492
377 21 31
377 36 112
377 43 234
377 78 38
377 96 92
377 109 183
377 127 189
377 135 204
377 163 158
377 164 229
377 168 94
377 179 148
377 198 32
377 226 5
377 281 14
377 321 103
377 349 105
377 359 522
377 372 7
378 0 148
378 5 115
378 21 122
378 30 47
378 92 89
378 115 5
378 165 13
378 183 238
378 232 46
378 237 108
378 240 76
378 257 35
378 259 110
378 264 97
378 273 146
378 296 207
378 321 64
378 366 33
379 13 102
379 26 5
379 41 109
379 54 330
379 58 58
379 99 314
379 106 261
379 120 13
379 149 50
379 190 175
379 203 149
379 254 271
379 261 118
379 290 43
379 302 42
379 366 56
379 368 222
379 371 26
380 54 5
380 73 252
380 82 149
380 106 184
380 132 60
380 171 201
380 193 37
380 206 95
380 242 20
380 255 127
380 294 35
380 312 96
380 341 21
380 358 79
381 12 19
381 14 30
381 20 197
381 23 36
381 45 75
381 61 121
381 100 16
381 105 280
381 121 97
381 147 213
381 153 41
381 154 73
381 214 23
381 246 5
381 272 50
381 280 14
381 294 92
381 346 191
381 352 79
382 5 76
382 17 198
382 20 46
382 77 186
382 93 15
382 123 100
382 141 197
382 146 5
382 162 66
382 186 5
382 204 7
382 239 12
382 246 30
382 278 35
382 288 149
382 301 140
382 309 155
382 315 151
382 330 65
382 345 5
382 347 109
382 350 134
383 8 203
383 35 14
383 37 680
383 47 287
383 66 29
383 77 65
383 83 47
383 161 24
383 164 20
383 189 412
383 202 39
383 203 15
383 207 57
383 216 210
383 272 426
383 285 36
383 310 5
383 339 112
383 348 16
384 20 94
384 34 91
384 45 69
384 78 22
384 106 17
384 119 15
384 131 83
384 141 20
384 163 5
384 176 21
384 190 62
384 192 217
384 198 12
384 205 42
384 232 20
384 234 74
384 252 377
384 319 96
384 320 53
384 328 69
384 333 68
384 344 72
384 354 88
384 368 33
385 2 6
385 21 203
385 34 41
385 37 14
385 44 5
385 58 29
385 87 35
385 109 158
385 161 187
385 169 167
385 170 263
385 196 33
385 207 62
385 217 224
385 239 34
385 262 74
385 271 81
385 272 137
385 279 74
385 321 99
385 345 36
385 381 9
386 154 19
386 169 29
386 174 40
386 177 81
386 286 74
386 298 506
386 325 11
386 381 118
387 9 29
387 15 110
387 22 5
387 90 44
387 98 15
387 101 5
387 128 241
387 144 26
387 167 175
387 194 127
387 196 79
387 204 93
387 212 159
387 215 7
387 218 75
387 280 5
387 332 98
388 46 11
388 83 142
388 100 38
388 137 24
388 187 227
388 231 61
388 238 142
388 248 40
388 257 166
388 294 349
388 300 83
388 318 43
388 319 53
388 343 33
388 371 507
389 5 77
389 8 188
389 21 32
389 25 26
389 43 34
389 73 253
389 74 210
389 95 268
389 99 107
389 127 29
389 146 53
389 178 166
389 201 85
389 220 180
389 253 52
389 285 96
389 290 5
389 309 5
389 332 27
389 362 67
390 23 11
390 39 26
390 45 23
390 46 101
390 118 22
390 199 30
390 212 91
390 230 134
390 238 30
390 240 194
390 252 31
390 271 349
390 343 49
390 359 16
391 29 28
391 35 5
391 40 175
391 45 93
391 56 576
391 100 170
391 122 38
391 142 138
391 198 131
391 238 7
391 247 156
391 277 84
391 282 207
391 331 34
391 359 76
391 368 32
391 378 17
391 379 152
392 45 44
392 52 71
392 73 23
392 99 34
392 114 114
392 124 52
392 172 228
392 177 106
392 200 65
392 223 26
392 224 280
392 247 147
392 262 19
392 274 66
392 335 73
392 371 153
392 382 105
393 3 115
393 40 182
393 69 18
393 77 174
393 112 163
393 119 94
393 125 36
393 147 35
393 173 79
393 177 34
393 179 63
393 236 5
393 253 40
393 267 5
393 286 190
393 301 30
393 312 188
393 314 120
393 364 140
393 372 60
393 373 323
394 6 39
394 21 98
394 36 22
394 82 343
394 114 64
394 157 5
394 166 52
394 168 11
394 185 125
394 198 339
394 209 37
394 216 62
394 220 70
394 221 252
394 267 116
394 295 30
394 335 21
394 349 77
394 362 227
394 378 27
394 381 245
394 391 310
395 6 141
395 27 117
395 61 331
395 91 5
395 96 144
395 132 43
395 140 269
395 155 63
395 181 17
395 182 27
395 196 40
395 204 162
395 210 142
395 223 173
395 252 60
395 286 5
395 311 25
395 360 91
396 51 156
396 70 5
396 78 51
396 86 22
396 90 142
396 99 47
396 112 130
396 139 218
396 141 95
396 172 26
396 177 5
396 193 30
396 247 128
396 266 82
396 277 156
396 283 172
396 318 77
396 319 257
396 328 105
396 333 64
396 346 130
396 365 194
396 367 9
397 8 163
397 13 74
397 43 128
397 66 96
397 78 407
397 100 394
397 147 218
397 163 108
397 250 5
397 254 93
397 272 134
397 314 11
397 315 58
397 318 9
397 394 300
398 20 117
398 45 30
398 68 215
398 73 214
398 74 114
398 85 162
398 108 116
398 114 65
398 155 76
398 170 182
398 171 99
398 192 41
398 228 105
398 246 167
398 254 104
398 256 35
398 257 67
398 296 125
398 333 5
398 364 241
398 372 13
399 37 78
399 55 5
399 68 141
399 96 30
399 110 33
399 141 41
399 160 46
399 203 97
399 213 67
399 228 24
399 242 103
399 258 39
399 329 88
399 344 73
399 348 47
400 127 71
400 148 19
400 150 210
400 230 21
400 243 14
400 269 284
400 274 118
400 308 11
400 333 68
400 359 5
400 362 163
400 387 149
400 397 20
401 23 102
401 45 20
401 83 71
401 120 50
401 122 42
401 128 67
401 139 339
401 140 32
401 164 47
401 183 198
401 184 18
401 189 67
401 193 66
401 203 239
401 220 120
401 238 14
401 242 14
401 265 6
401 274 6
401 315 25
401 316 289
401 321 146
401 342 180
401 376 5
402 6 73
402 14 65
402 38 32
402 60 5
402 61 127
402 74 75
402 78 137
402 80 326
402 91 50
402 99 134
402 130 207
402 173 75
402 239 150
402 277 211
402 287 52
402 314 90
402 316 645
402 324 5
402 343 99
402 345 34
402 349 202
402 351 243
402 362 146
402 379 244
402 391 63
402 395 16
402 401 45
403 22 379
403 33 288
403 37 174
403 45 10
403 46 184
403 130 68
403 169 24
403 276 193
403 301 71
403 309 55
403 323 62
403 330 44
403 348 298
403 376 93
403 387 11
404 15 348
404 21 24
404 23 154
404 35 161
404 89 8
404 107 189
404 121 218
404 147 8
404 170 60
404 256 56
404 263 11
404 281 166
404 337 16
404 357 149
404 395 46
404 396 154
404 401 20
404 403 99
405 17 75
405 19 37
405 21 22
405 27 29
405 31 124
405 32 230
405 59 40
405 72 179
405 75 41
405 90 5
405 115 36
405 195 13
405 209 64
405 210 13
405 248 94
405 256 286
405 283 190
405 352 29
405 400 51
405 402 28
406 12 5
406 13 70
406 15 24
406 16 72
406 33 82
406 40 123
406 42 255
406 99 272
406 105 104
406 114 88
406 119 51
406 128 171
406 131 39
406 191 5
406 218 70
406 225 29
406 226 146
406 255 15
406 269 56
406 301 5
406 318 18
406 322 205
406 326 59
406 332 59
406 341 240
406 343 316
406 350 47
406 375 268
406 380 24
407 5 5
407 14 32
407 52 120
407 77 5
407 84 88
407 92 5
407 106 184
407 135 77
407 140 8
407 146 5
407 151 25
407 193 71
407 280 20
407 303 148
407 348 282
407 376 9
407 390 145
408 48 198
408 54 282
408 57 129
408 84 137
408 88 165
408 97 121
408 98 5
408 139 48
408 184 127
408 185 491
408 203 106
408 223 199
408 233 52
408 240 132
408 246 5
408 258 20
408 260 89
408 266 104
408 277 20
408 278 22
408 295 100
408 308 27
408 335 18
408 337 52
408 367 44
408 400 72
409 37 205
409 41 84
409 44 145
409 51 120
409 111 104
409 149 164
409 170 249
409 178 78
409 202 56
409 204 18
409 206 122
409 218 177
409 219 115
409 235 47
409 257 181
409 266 146
409 276 24
409 317 52
409 355 44
409 389 187
409 396 59
410 15 396
410 23 93
410 33 152
410 41 169
410 60 132
410 63 38
410 64 31
410 65 143
410 67 86
410 69 75
410 99 18
410 136 97
410 147 210
410 181 24
410 188 185
410 193 127
410 194 107
410 204 154
410 210 15
410 248 62
410 256 271
410 259 42
410 314 5
410 327 28
410 338 5
411 2 12
411 46 127
411 69 54
411 74 38
411 79 28
411 86 154
411 87 12
411 99 151
411 153 38
411 209 32
411 259 88
411 263 217
411 289 18
411 295 47
411 299 177
411 304 15
411 331 41
411 333 64
411 369 20
411 373 58
411 386 157
411 405 204
411 406 137
412 12 126
412 15 5
412 32 36
412 54 25
412 81 16
412 83 46
412 85 19
412 133 49
412 142 5
412 149 15
412 151 125
412 168 24
412 170 5
412 202 16
412 212 101
412 245 24
412 359 91
412 363 20
412 383 31
413 40 5
413 97 133
413 114 28
413 134 100
413 204 142
413 220 5
413 230 134
413 232 69
413 246 21
413 248 200
413 259 99
413 261 54
413 275 18
413 276 78
413 278 66
413 284 104
413 290 144
413 309 96
413 322 22
413 328 5
413 336 191
413 339 77
413 366 10
413 371 72
413 374 23
413 382 77
413 389 64
414 3 126
414 5 21
414 25 16
414 50 9
414 61 222
414 75 52
414 86 241
414 117 115
414 137 8
414 173 24
414 177 14
414 198 158
414 203 301
414 252 52
414 277 186
414 281 153
414 297 161
414 343 132
414 350 234
414 356 41
414 370 67
414 375 25
414 376 5
414 393 40
414 406 214
414 412 47
414 413 68
415 9 23
415 18 8
415 40 151
415 55 5
415 61 351
415 78 38
415 79 48
415 102 47
415 126 23
415 156 95
415 177 33
415 180 157
415 197 379
415 229 132
415 252 10
415 258 5
415 305 24
415 311 85
415 323 53
415 336 29
415 394 5
415 408 29
415 413 16
416 14 30
416 17 119
416 18 198
416 49 16
416 53 202
416 60 61
416 75 51
416 78 203
416 80 133
416 111 122
416 127 247
416 139 141
416 145 70
416 156 59
416 190 11
416 196 100
416 201 113
416 235 81
416 240 138
416 253 14
416 262 75
416 264 173
416 270 28
416 277 130
416 288 53
416 295 28
416 296 5
416 303 8
416 334 122
416 335 16
417 47 28
417 70 33
417 75 166
417 76 45
417 90 54
417 134 37
417 142 35
417 145 25
417 155 60
417 166 18
417 207 37
417 223 7
417 231 23
417 236 8
417 237 173
417 262 34
417 264 46
417 287 9
417 288 5
417 316 280
417 318 5
417 384 17
418 16 169
418 34 304
418 63 27
418 157 27
418 207 32
418 241 29
418 242 135
418 284 88
418 295 130
418 299 59
418 391 82
418 395 6
418 408 75
418 414 5
419 39 24
419 61 133
419 93 477
419 177 61
419 203 64
419 235 24
419 238 63
419 255 241
419 266 69
419 267 153
419 293 18
419 306 354
419 315 70
419 320 10
419 336 382
419 345 77
419 364 58
419 371 73
419 388 84
420 9 14
420 29 531
420 45 66
420 48 144
420 68 40
420 71 81
420 97 13
420 108 59
420 128 25
420 155 54
420 157 101
420 159 51
420 164 19
420 176 42
420 191 43
420 236 5
420 243 33
420 244 50
420 256 92
420 332 44
420 379 24
420 410 65
421 21 129
421 28 76
421 41 223
421 53 13
421 61 91
421 97 88
421 119 34
421 176 15
421 186 197
421 188 16
421 207 43
421 251 18
421 285 110
421 344 206
422 21 117
422 37 204
422 57 18
422 67 148
422 77 19
422 105 147
422 144 81
422 149 72
422 157 147
422 174 25
422 193 154
422 288 241
422 291 69
422 303 41
422 308 28
422 309 66
422 321 280
422 356 125
422 357 94
422 359 81
422 377 173
422 411 5
422 412 19
422 413 108
423 9 8
423 12 13
423 49 99
423 60 5
423 109 5
423 131 159
423 141 24
423 199 42
423 282 13
423 306 175
423 310 431
423 322 23
423 325 18
423 335 132
423 390 17
423 404 99
424 39 5
424 68 28
424 83 41
424 90 153
424 95 277
424 98 48
424 164 44
424 180 5
424 192 32
424 207 35
424 209 55
424 222 5
424 274 26
424 298 5
424 315 115
424 332 175
424 342 11
424 364 48
424 403 171
425 9 14
425 82 5
425 88 104
425 89 45
425 102 36
425 135 73
425 181 119
425 184 105
425 223 5
425 297 159
425 304 10
425 312 14
425 320 37
425 331 45
425 354 50
425 355 237
425 382 51
425 384 37
425 394 61
425 396 98
425 413 19
426 29 66
426 48 44
426 51 297
426 83 56
426 106 45
426 120 5
426 131 5
426 175 93
426 191 125
426 219 87
426 271 5
426 287 40
426 288 354
426 323 133
426 335 124
426 349 49
426 409 17
426 410 107
426 422 79
426 423 292
427 3 50
427 38 89
427 101 96
427 120 12
427 121 76
427 180 25
427 194 96
427 195 10
427 234 157
427 235 88
427 252 40
427 259 176
427 267 146
427 277 5
427 279 44
427 298 123
427 320 176
427 384 37
427 385 205
427 397 241
427 408 8
428 45 12
428 58 47
428 72 159
428 82 89
428 91 71
428 104 219
428 133 113
428 138 20
428 179 112
428 199 11
428 206 155
428 251 101
428 272 11
428 299 5
428 305 150
428 315 19
428 376 106
428 383 33
429 8 31
429 9 478
429 46 163
429 54 51
429 93 28
429 107 88
429 117 44
429 130 167
429 170 269
429 190 116
429 217 141
429 219 58
429 235 99
429 261 274
429 295 164
429 299 171
429 333 35
429 368 71
429 381 8
429 418 148
430 2 85
430 29 6
430 42 41
430 73 12
430 88 95
430 96 137
430 113 73
430 122 65
430 124 25
430 139 99
430 165 113
430 166 46
430 179 6
430 188 5
430 223 316
430 234 176
430 276 159
430 293 51
430 331 83
430 345 6
430 352 7
430 379 18
430 381 26
430 386 115
430 394 53
430 417 152
431 3 81
431 6 34
431 9 195
431 18 176
431 36 120
431 109 8
431 138 150
431 149 222
431 157 183
431 197 38
431 201 7
431 205 6
431 216 47
431 269 5
431 274 133
431 276 39
431 310 95
431 335 62
431 367 215
431 380 93
431 408 155
431 422 559
432 19 253
432 21 15
432 37 119
432 67 147
432 88 84
432 102 6
432 119 141
432 122 71
432 125 62
432 140 257
432 165 59
432 166 22
432 187 80
432 194 551
432 218 352
432 226 5
432 239 114
432 279 170
432 280 28
432 292 39
432 337 78
432 369 57
432 388 175
432 397 79
433 1 20
433 30 102
433 41 256
433 87 95
433 107 101
433 189 164
433 196 245
433 202 10
433 233 119
433 242 36
433 246 9
433 265 5
433 269 34
433 275 38
433 320 60
433 342 260
433 376 5
433 418 31
434 54 525
434 64 75
434 87 292
434 91 237
434 108 45
434 128 5
434 142 104
434 146 74
434 162 28
434 180 86
434 184 64
434 187 172
434 188 5
434 199 17
434 228 215
434 238 247
434 270 123
434 286 56
434 310 74
434 341 7
434 351 119
434 361 283
434 385 155
434 396 490
434 407 63
434 411 213
434 422 158
434 424 138
434 431 119
435 9 46
435 42 11
435 43 232
435 44 248
435 48 63
435 49 101
435 55 106
435 59 19
435 107 115
435 126 31
435 130 35
435 141 18
435 207 317
435 211 53
435 221 24
435 236 49
435 268 739
435 269 89
435 300 42
435 308 53
435 328 52
435 350 71
435 370 78
435 386 17
435 398 64
435 416 97
435 424 141
435 426 26
436 6 370
436 8 91
436 30 141
436 33 145
436 50 46
436 51 243
436 71 74
436 74 215
436 87 155
436 94 38
436 96 23
436 110 45
436 120 124
436 136 75
436 144 52
436 158 200
436 159 302
436 164 143
436 165 238
436 178 26
436 179 168
436 181 88
436 193 57
436 216 43
436 223 182
436 238 72
436 257 41
436 263 85
436 315 58
436 342 59
436 344 215
436 364 113
436 369 37
436 390 51
436 402 29
437 28 142
437 47 25
437 70 9
437 89 95
437 124 221
437 125 9
437 131 82
437 136 18
437 149 251
437 180 169
437 212 94
437 220 62
437 244 94
437 269 390
437 275 72
437 311 387
437 348 28
437 368 75
437 372 87
437 413 21
437 427 30
438 0 8
438 3 178
438 4 50
438 23 17
438 50 5
438 52 17
438 78 108
438 91 40
438 94 208
438 107 116
438 163 112
438 202 281
438 216 5
438 233 156
438 251 27
438 287 66
438 330 248
438 334 253
438 384 132
438 398 240
438 400 215
438 421 158
439 18 127
439 21 131
439 33 26
439 40 13
439 111 245
439 116 31
439 157 370
439 159 31
439 185 33
439 186 99
439 216 229
439 221 182
439 235 12
439 238 65
439 239 417
439 290 70
439 303 80
439 316 169
439 318 39
439 344 105
439 349 43
439 404 71
439 411 206
440 9 91
440 35 310
440 40 16
440 63 50
440 70 155
440 83 97
440 112 28
440 128 83
440 131 321
440 166 301
440 177 177
440 185 84
440 259 92
440 277 55
440 287 595
440 305 514
440 319 48
440 334 167
440 362 133
440 372 286
440 430 146
440 433 331
441 21 5
441 31 171
441 41 51
441 42 104
441 55 78
441 59 37
441 60 95
441 63 18
441 110 69
441 139 55
441 149 13
441 177 105
441 202 364
441 209 126
441 256 5
441 284 100
441 311 34
441 313 252
441 314 9
441 333 6
441 376 226
441 382 65
441 396 130
441 407 73
441 420 50
441 433 75
441 436 28
441 439 12
442 2 173
442 3 60
442 8 40
442 20 244
442 25 160
442 82 105
442 97 112
442 109 31
442 124 5
442 135 80
442 136 5
442 140 105
442 185 198
442 186 211
442 218 5
442 231 34
442 294 50
442 296 39
442 303 27
442 306 21
442 325 89
442 335 65
442 355 12
442 392 5
442 414 113
443 9 49
443 58 20
443 72 50
443 115 228
443 118 109
443 138 71
443 143 43
443 199 18
443 200 47
443 220 151
443 235 73
443 276 7
443 312 39
443 327 73
443 346 139
444 0 54
444 4 258
444 8 16
444 57 23
444 66 57
444 103 114
444 107 40
444 140 97
444 153 7
444 155 108
444 160 8
444 197 5
444 208 112
444 237 94
444 243 289
444 245 34
444 255 200
444 343 11
444 355 67
444 358 210
444 371 224
444 405 21
444 423 119
444 432 123
445 1 306
445 65 414
445 72 165
445 80 431
445 106 76
445 116 159
445 137 78
445 142 87
445 156 145
445 171 21
445 179 42
445 205 26
445 229 92
445 291 154
445 296 133
445 342 15
445 363 245
445 390 226
445 421 64
445 431 53
446 34 133
446 55 8
446 114 5
446 146 726
446 183 62
446 188 291
446 189 172
446 197 97
446 255 540
446 269 39
446 293 47
446 315 105
446 330 113
446 342 5
446 392 139
446 398 52
446 420 115
446 445 23
447 15 642
447 19 45
447 42 38
447 44 110
447 78 10
447 95 155
447 114 201
447 125 54
447 145 327
447 195 145
447 202 5
447 227 57
447 260 70
447 268 83
447 379 96
447 388 56
447 442 9
448 60 51
448 73 34
448 111 193
448 115 41
448 124 79
448 137 7
448 153 92
448 155 120
448 171 6
448 189 15
448 206 54
448 210 39
448 253 205
448 259 42
448 267 5
448 274 35
448 282 307
448 319 8
448 342 187
448 363 35
448 364 125
448 375 197
448 392 37
448 400 43
448 419 29
449 3 78
449 23 62
449 56 16
449 59 127
449 77 23
449 86 109
449 118 17
449 137 32
449 142 57
449 143 63
449 145 99
449 167 58
449 183 13
449 195 34
449 238 94
449 245 285
449 262 220
449 263 123
449 306 353
449 307 122
449 317 34
449 322 18
449 333 70
449 368 69
449 428 271
449 436 78
449 446 47
450 5 115
450 15 8
450 30 142
450 37 152
450 45 17
450 53 123
450 57 117
450 93 105
450 177 41
450 187 10
450 205 148
450 207 79
450 228 119
450 249 194
450 260 109
450 296 104
450 302 14
450 324 58
450 382 78
450 410 49
450 417 41
450 425 118
450 431 50
450 442 189
450 444 20
451 6 131
451 57 76
451 67 35
451 84 13
451 88 166
451 99 83
451 132 202
451 136 163
451 175 11
451 176 70
451 180 133
451 185 70
451 192 130
451 204 49
451 205 70
451 222 39
451 272 14
451 273 50
451 278 264
451 292 34
451 299 9
451 307 6
451 313 186
451 334 5
451 349 64
451 367 77
451 393 75
451 401 84
451 420 21
451 438 143
451 442 24
452 7 200
452 13 42
452 56 142
452 60 75
452 66 110
452 77 20
452 87 120
452 105 76
452 106 126
452 117 79
452 133 128
452 148 84
452 155 164
452 199 127
452 244 71
452 247 96
452 262 136
452 266 103
452 314 246
452 330 89
452 344 5
452 351 32
452 354 20
452 391 142
452 431 66
452 433 7
452 440 5
452 449 98
453 51 49
453 57 45
453 65 123
453 83 191
453 127 194
453 132 15
453 133 534
453 153 323
453 172 69
453 183 7
453 207 32
453 233 455
453 236 360
453 258 122
453 270 55
453 286 386
453 300 59
453 354 131
453 397 173
453 404 51
453 419 186
453 426 229
453 447 161
454 10 106
454 24 126
454 34 7
454 51 36
454 112 31
454 133 219
454 178 57
454 195 16
454 234 107
454 252 53
454 266 67
454 320 6
454 335 251
454 377 273
454 389 61
454 435 81
455 11 69
455 31 72
455 111 326
455 136 226
455 196 13
455 255 150
455 287 5
455 301 57
455 308 57
455 312 70
455 343 154
455 358 132
455 366 52
455 372 51
455 412 170
455 417 22
456 18 83
456 62 173
456 106 90
456 126 29
456 128 22
456 136 189
456 183 39
456 206 5
456 224 201
456 251 63
456 253 41
456 321 87
456 338 10
456 345 49
456 350 5
456 356 68
456 397 14
456 400 281
456 423 213
456 425 5
456 428 11
456 448 12
456 450 510
456 453 25
456 454 5
457 2 24
457 37 155
457 80 6
457 108 22
457 116 8
457 138 125
457 153 44
457 175 133
457 215 64
457 216 47
457 228 5
457 229 347
457 248 126
457 255 16
457 261 43
457 292 38
457 329 101
457 365 213
457 372 135
457 393 56
457 412 52
457 446 17
457 453 29
458 22 44
458 130 49
458 134 51
458 150 97
458 212 116
458 229 220
458 261 39
458 280 268
458 295 98
458 318 11
458 320 56
458 344 5
458 353 137
458 358 96
458 359 284
458 376 70
458 387 70
458 422 111
458 428 100
458 436 128
458 440 105
458 452 218
459 15 50
459 27 136
459 32 211
459 41 48
459 50 18
459 67 59
459 69 178
459 86 24
459 92 190
459 101 36
459 131 88
459 134 16
459 158 67
459 173 5
459 175 5
459 182 54
459 188 297
459 212 11
459 218 120
459 223 65
459 244 28
459 246 285
459 274 67
459 288 27
459 291 300
459 307 71
459 313 29
459 339 49
459 396 183
460 10 83
460 16 74
460 18 250
460 50 11
460 66 203
460 67 148
460 81 203
460 88 119
460 136 169
460 140 58
460 170 40
460 171 13
460 175 49
460 184 54
460 217 278
460 223 145
460 275 55
460 282 27
460 301 5
460 303 62
460 314 15
460 330 190
460 351 70
460 352 88
460 361 47
460 395 50
460 408 20
460 449 33
461 11 24
461 67 7
461 90 81
461 97 25
461 123 63
461 132 119
461 154 130
461 161 152
461 183 62
461 189 60
461 207 14
461 253 307
461 256 68
461 261 61
461 326 324
461 342 29
461 368 146
461 385 8
461 386 128
461 392 85
461 421 102
461 428 96
461 437 237
461 449 163
461 453 12
462 29 239
462 61 121
462 92 165
462 118 5
462 128 71
462 172 382
462 186 106
462 194 85
462 221 51
462 223 363
462 228 42
462 314 63
462 331 7
462 336 43
462 347 20
462 383 185
462 394 253
462 404 53
462 461 62
463 28 119
463 43 37
463 50 76
463 54 15
463 77 266
463 91 292
463 92 85
463 96 79
463 112 89
463 144 16
463 153 213
463 160 105
463 205 159
463 211 86
463 215 266
463 230 36
463 252 67
463 265 5
463 268 35
463 284 5
463 317 218
463 318 54
463 344 60
463 365 28
463 368 38
463 409 232
464 33 44
464 36 256
464 37 52
464 42 67
464 53 20
464 54 307
464 59 19
464 60 5
464 118 88
464 132 35
464 148 16
464 192 8
464 197 75
464 244 130
464 267 179
464 344 25
464 393 126
464 406 56
464 425 183
464 439 71
464 458 338
465 1 5
465 3 83
465 11 47
465 34 44
465 38 55
465 49 158
465 63 37
465 79 17
465 110 68
465 137 34
465 138 8
465 151 132
465 152 32
465 192 14
465 200 108
465 225 97
465 232 39
465 242 45
465 261 57
465 266 65
465 272 148
465 305 67
465 307 85
465 321 284
465 322 116
465 328 156
465 367 398
465 424 124
465 440 28
465 445 456
465 453 206
466 5 5
466 55 207
466 107 110
466 110 135
466 123 220
466 126 10
466 157 6
466 182 284
466 236 274
466 246 10
466 252 38
466 281 270
466 296 23
466 311 83
466 322 245
466 324 12
466 361 110
466 362 94
466 368 195
466 372 160
466 373 118
466 376 129
466 421 206
466 444 228
467 16 56
467 34 17
467 48 5
467 93 34
467 103 162
467 111 39
467 115 35
467 144 63
467 146 94
467 159 5
467 172 7
467 174 113
467 204 8
467 247 261
467 269 189
467 304 46
467 312 78
467 347 53
467 348 107
467 386 142
467 400 106
467 423 78
467 436 9
467 465 31
468 5 323
468 8 85
468 12 241
468 18 30
468 25 32
468 27 158
468 33 99
468 39 20
468 48 5
468 51 70
468 53 35
468 71 52
468 72 27
468 108 331
468 118 21
468 164 34
468 169 221
468 209 46
468 217 18
468 218 82
468 233 223
468 252 33
468 265 80
468 271 5
468 275 46
468 292 129
468 293 41
468 294 106
468 352 31
468 364 203
468 367 85
468 377 129
468 438 94
468 445 139
469 40 52
469 62 13
469 63 167
469 123 5
469 127 8
469 133 23
469 143 47
469 191 99
469 235 16
469 262 172
469 268 7
469 285 143
469 311 96
469 325 92
469 338 17
469 345 91
469 346 66
469 420 47
469 446 154
470 11 77
470 31 63
470 55 56
470 74 446
470 120 94
470 128 78
470 153 8
470 168 282
470 178 108
470 180 122
470 195 5
470 208 268
470 265 80
470 272 221
470 311 13
470 324 114
470 350 105
470 355 38
470 372 142
470 442 68
470 447 35
470 451 124
470 460 170
470 465 210
471 6 31
471 8 367
471 40 24
471 47 18
471 106 38
471 115 82
471 126 174
471 132 16
471 144 57
471 153 54
471 185 132
471 222 92
471 226 46
471 240 80
471 243 171
471 248 42
471 270 129
471 285 146
471 298 112
471 316 194
471 323 367
471 326 211
471 332 92
471 395 71
471 405 52
471 460 90
471 462 40
472 10 64
472 49 275
472 69 63
472 110 306
472 111 57
472 135 92
472 156 51
472 157 26
472 200 66
472 202 61
472 214 124
472 216 240
472 237 101
472 272 114
472 275 57
472 310 113
472 329 50
472 339 82
472 344 8
472 386 39
472 394 42
472 414 181
472 419 290
472 428 162
472 433 62
472 447 16
472 465 141
473 39 17
473 92 178
473 104 16
473 110 48
473 127 69
473 128 287
473 151 30
473 223 204
473 251 56
473 252 230
473 289 33
473 298 15
473 316 98
473 347 52
473 364 313
473 372 107
473 374 117
473 409 44
473 427 236
473 470 23
474 15 72
474 49 89
474 62 66
474 66 88
474 69 26
474 102 299
474 109 150
474 115 519
474 148 9
474 165 111
474 166 160
474 170 67
474 227 8
474 292 202
474 301 122
474 306 123
474 313 11
474 320 80
474 345 67
474 394 86
474 439 47
475 12 26
475 79 7
475 88 184
475 106 40
475 148 5
475 156 34
475 165 9
475 223 128
475 247 108
475 268 5
475 285 26
475 298 17
475 388 144
475 389 158
475 416 124
475 418 70
475 425 7
475 440 5
475 443 122
475 449 216
475 453 95
476 11 472
476 15 36
476 38 63
476 40 167
476 52 26
476 65 271
476 77 70
476 116 74
476 140 155
476 161 115
476 172 89
476 186 455
476 189 105
476 196 362
476 198 515
476 205 34
476 207 5
476 220 33
476 293 309
476 304 15
476 312 10
476 328 173
476 357 151
476 369 167
476 390 30
476 473 14
476 475 109
477 5 165
477 76 5
477 86 93
477 96 13
477 105 30
477 140 139
477 162 109
477 188 5
477 191 52
477 199 5
477 220 107
477 241 93
477 250 148
477 269 48
477 340 7
477 354 60
477 358 29
477 384 27
477 397 48
477 408 49
477 434 5
477 437 24
478 29 150
478 42 122
478 66 118
478 106 105
478 109 22
478 133 115
478 153 32
478 173 21
478 210 112
478 211 184
478 219 67
478 233 10
478 237 314
478 247 61
478 253 8
478 255 5
478 282 35
478 284 39
478 380 5
478 383 35
478 449 269
479 64 140
479 73 40
479 76 51
479 109 38
479 117 98
479 128 199
479 136 178
479 154 53
479 164 51
479 168 18
479 178 64
479 206 201
479 211 11
479 225 88
479 226 9
479 250 151
479 312 8
479 318 20
479 368 227
479 390 40
479 411 232
479 464 48
480 4 190
480 24 228
480 137 101
480 145 214
480 171 149
480 172 54
480 240 15
480 255 8
480 260 169
480 304 186
480 321 92
480 334 91
480 350 111
480 360 66
480 374 54
480 381 43
480 429 222
480 434 13
480 439 90
480 453 72
481 25 113
481 49 75
481 74 151
481 88 139
481 114 20
481 120 107
481 144 147
481 159 39
481 184 71
481 223 62
481 249 112
481 275 228
481 300 77
481 309 37
481 323 313
481 330 115
481 334 132
481 336 5
481 348 123
481 372 36
481 389 99
481 404 116
481 409 25
481 410 93
481 413 30
481 415 220
481 439 19
481 441 58
481 451 76
481 456 5
482 53 200
482 68 77
482 70 34
482 74 35
482 107 110
482 113 9
482 117 159
482 133 50
482 153 51
482 163 237
482 168 16
482 184 32
482 201 360
482 240 85
482 254 218
482 324 5
482 342 105
482 350 313
482 371 190
482 375 30
482 394 155
482 413 6
482 418 129
482 457 11
482 472 314
482 474 192
483 52 54
483 65 346
483 74 188
483 83 293
483 84 87
483 101 9
483 126 125
483 129 5
483 143 8
483 183 167
483 191 114
483 199 108
483 206 21
483 210 353
483 221 88
483 279 12
483 355 33
483 368 146
483 405 195
483 407 129
483 471 65
484 14 207
484 15 44
484 23 325
484 26 165
484 59 9
484 61 115
484 83 183
484 140 180
484 165 113
484 166 7
484 168 233
484 187 22
484 214 59
484 216 102
484 252 115
484 282 24
484 294 81
484 301 67
484 317 26
484 318 25
484 334 33
484 367 85
484 383 42
484 389 153
484 396 37
484 412 54
484 432 31
484 443 5
484 457 5
484 469 43
484 471 44
484 472 50
484 475 130
485 2 29
485 13 308
485 14 8
485 47 187
485 57 277
485 102 25
485 106 32
485 109 124
485 128 186
485 152 30
485 160 16
485 177 71
485 181 121
485 185 99
485 212 64
485 214 10
485 245 89
485 280 8
485 322 128
485 336 14
485 338 244
485 418 11
485 457 6
485 460 386
486 3 57
486 41 133
486 76 126
486 86 40
486 161 19
486 165 76
486 207 167
486 223 57
486 285 216
486 319 76
486 363 66
486 376 227
486 388 139
486 414 205
486 418 5
486 451 103
486 482 273
487 7 71
487 11 201
487 55 196
487 85 656
487 104 83
487 116 82
487 126 32
487 129 39
487 130 7
487 143 163
487 180 77
487 190 5
487 193 26
487 229 34
487 283 83
487 300 175
487 313 43
487 353 24
487 356 94
487 380 58
487 408 131
487 412 412
487 428 82
487 441 54
487 470 88
488 28 9
488 32 289
488 35 154
488 48 174
488 77 204
488 94 152
488 199 43
488 249 91
488 252 186
488 265 125
488 268 35
488 301 17
488 305 38
488 372 115
488 385 39
488 398 5
488 400 124
488 422 26
488 448 119
488 457 317
488 471 172
488 484 24
488 486 35
489 9 77
489 71 123
489 106 5
489 115 374
489 121 163
489 173 24
489 179 218
489 188 12
489 197 99
489 209 82
489 252 313
489 256 54
489 278 5
489 279 5
489 283 9
489 299 213
489 319 10
489 340 124
489 344 18
489 440 16
489 473 20
489 475 34
490 22 123
490 28 212
490 54 184
490 66 85
490 132 11
490 182 37
490 231 31
490 239 197
490 256 354
490 284 355
490 287 7
490 300 63
490 311 51
490 328 14
490 329 29
490 333 302
490 344 68
490 354 32
490 356 75
490 365 113
490 386 118
490 406 175
490 407 33
490 408 183
490 429 240
491 14 59
491 21 90
491 29 52
491 35 104
491 42 70
491 70 98
491 78 44
491 110 45
491 148 76
491 186 113
491 189 109
491 208 34
491 230 163
491 268 73
491 287 116
491 365 121
491 382 49
491 407 26
491 410 563
491 437 73
491 439 72
491 443 50
491 446 17
491 447 16
492 6 81
492 34 126
492 68 98
492 96 176
492 111 66
492 115 8
492 174 130
492 206 130
492 227 40
492 245 32
492 285 360
492 345 5
492 357 20
492 374 146
492 381 31
492 382 155
492 384 337
492 391 11
492 392 138
492 400 120
492 409 204
492 416 7
492 453 26
492 474 21
493 14 241
493 22 15
493 49 212
493 52 54
493 64 110
493 78 20
493 86 86
493 105 54
493 139 35
493 149 72
493 154 5
493 163 37
493 187 55
493 191 63
493 199 52
493 214 290
493 262 47
493 276 75
493 298 53
493 333 185
493 341 218
493 342 95
493 345 74
493 354 349
493 362 5
493 401 66
493 413 151
493 453 43
494 5 70
494 37 12
494 51 15
494 55 132
494 81 122
494 90 49
494 92 84
494 108 125
494 113 9
494 170 293
494 183 93
494 187 98
494 218 112
494 249 61
494 305 168
494 313 74
494 326 5
494 344 93
494 407 6
494 458 298
494 470 139
494 489 64
495 2 26
495 4 415
495 39 146
495 54 294
495 57 224
495 75 44
495 110 14
495 127 52
495 142 5
495 194 5
495 195 51
495 211 51
495 216 145
495 226 192
495 247 80
495 306 185
495 331 80
495 378 150
495 390 149
495 446 47
495 473 34
495 475 108
495 491 20
496 36 20
496 39 29
496 40 90
496 71 52
496 90 228
496 91 82
496 112 23
496 126 72
496 136 451
496 174 82
496 177 121
496 190 198
496 222 46
496 231 9
496 234 249
496 311 5
496 327 35
496 360 90
496 381 5
496 395 13
496 440 23
496 451 211
497 30 71
497 54 28
497 77 61
497 81 102
497 91 312
497 102 64
497 104 270
497 131 9
497 133 5
497 176 60
497 243 111
497 257 126
497 281 18
497 285 52
497 316 113
497 345 7
497 371 5
497 382 107
497 387 25
497 404 22
497 419 7
497 432 76
497 442 154
497 486 86
497 492 96
498 7 5
498 9 34
498 40 55
498 47 60
498 48 134
498 54 82
498 58 77
498 112 38
498 132 245
498 158 63
498 174 123
498 183 19
498 189 6
498 209 16
498 210 5
498 221 39
498 294 21
498 297 5
498 337 43
498 344 49
498 358 38
498 367 14
498 368 47
498 424 101
498 450 13
498 462 259
498 485 321
499 45 5
499 68 50
499 96 46
499 107 644
499 121 38
499 164 5
499 184 200
499 204 31
499 214 152
499 245 216
499 256 151
499 272 184
499 311 84
499 325 88
499 358 7
499 363 506
499 411 192
499 416 19
499 442 331
499 458 237
499 466 46
499 492 57
1000
401 123 ?
145 330 18
449 390 53
359 138 ?
22 461 244
348 80 57
53 301 22
430 83 25
354 135 18
145 109 6
19 445 134
161 327 ?
46 403 -1
407 14 -1
329 342 ?
417 384 -1
3 486 -1
127 430 116
482 321 35
222 1 -1
435 196 36
136 231 -1
381 23 -1
30 9 9
28 333 345
473 80 16
347 77 -1
290 413 -1
370 342 -1
346 288 -1
431 174 ?
236 262 ?
63 32 15
400 438 -1
460 452 ?
483 199 -1
187 244 15
167 381 98
298 373 ?
445 388 28
303 77 13
304 29 125
357 114 108
458 226 51
301 12 -1
476 77 -1
359 182 ?
198 405 ?
31 441 -1
378 115 -1
277 251 47
118 361 18
303 363 24
342 285 -1
137 480 -1
372 363 -1
401 178 231
66 490 -1
302 164 11
297 204 79
77 197 171
307 37 -1
24 272 -1
95 138 ?
348 408 44
62 28 27
40 240 21
32 244 -1
99 392 -1
447 68 105
421 207 -1
285 389 -1
76 67 104
374 123 -1
313 474 -1
399 213 -1
324 297 114
118 353 ?
331 209 -1
46 121 115
480 339 70
44 300 5
48 364 175
38 338 33
389 21 -1
367 252 115
168 412 171
247 181 56
130 232 143
488 56 49
443 377 82
80 79 -1
386 472 -1
157 439 -1
197 12 163
371 478 ?
450 97 18
31 470 -1
411 406 29
474 345 ?
289 494 5
488 422 -1
240 408 -1
414 61 -1
266 77 ?
307 296 -1
60 482 5
88 475 -1
34 120 -1
125 371 -1
95 450 ?
258 204 181
150 106 125
372 234 37
23 406 ?
131 244 102
405 243 ?
117 212 26
58 38 -1
11 297 ?
498 9 -1
269 461 133
70 482 -1
312 350 -1
482 384 52
354 490 -1
276 443 -1
450 302 -1
446 271 88
26 470 15
374 306 ?
336 78 ?
224 35 ?
296 398 -1
349 187 -1
288 139 ?
345 348 ?
281 466 -1
32 211 ?
35 139 260
62 58 77
251 218 ?
462 230 84
248 141 34
488 78 38
247 229 ?
165 484 -1
434 80 ?
382 345 ?
223 389 ?
378 393 37
417 215 54
24 218 -1
109 431 -1
209 258 -1
40 418 9
457 138 -1
367 126 192
288 404 ?
183 21 125
364 473 -1
495 48 ?
58 93 119
263 126 262
171 101 22
63 469 -1
188 255 ?
439 115 ?
419 66 ?
356 18 ?
60 464 5
344 490 -1
260 289 131
317 380 ?
206 371 ?
171 480 -1
43 268 ?
345 492 -1
85 52 ?
299 280 5
1 132 -1
8 241 -1
423 118 ?
252 100 -1
100 269 -1
280 51 12
54 240 39
277 23 104
47 239 ?
11 57 6
148 152 -1
203 147 -1
455 369 339
104 256 -1
333 123 ?
438 95 95
362 325 ?
355 62 213
176 71 -1
444 66 -1
45 150 -1
149 334 31
74 268 602
94 32 126
148 94 5
139 64 ?
378 65 ?
242 347 -1
348 119 -1
110 466 ?
480 110 ?
73 86 ?
43 87 ?
316 471 -1
272 153 ?
224 347 20
341 407 ?
161 206 286
31 351 -1
140 475 ?
245 334 ?
285 129 ?
494 123 ?
214 134 -1
424 192 -1
315 54 9
478 29 -1
81 109 -1
238 110 ?
178 116 ?
186 476 -1
428 60 66
476 487 268
158 487 ?
273 348 106
427 170 ?
271 183 ?
61 341 ?
488 57 ?
348 57 ?
96 216 59
190 83 149
332 250 -1
261 65 230
403 33 -1
22 435 ?
243 139 -1
157 456 47
201 413 ?
50 218 ?
374 47 94
55 377 ?
449 245 -1
370 332 ?
250 218 -1
367 261 107
242 359 -1
232 22 -1
111 188 108
383 190 206
180 74 77
485 365 5
173 480 81
446 88 ?
279 145 35
177 297 289
366 308 ?
390 107 113
472 482 -1
44 302 28
140 198 -1
190 379 -1
222 357 ?
405 471 -1
429 490 -1
39 136 -1
441 110 -1
374 337 -1
140 408 5
21 404 -1
235 419 -1
102 232 ?
13 253 -1
171 470 12
362 449 ?
73 147 ?
221 181 -1
42 285 -1
25 433 ?
10 171 -1
11 79 11
20 286 11
331 219 ?
236 154 -1
206 448 -1
496 222 -1
387 31 185
2 158 ?
489 357 ?
335 120 ?
372 255 14
188 276 ?
234 78 11
243 420 -1
427 347 130
499 222 ?
413 23 24
69 226 61
140 50 -1
269 251 203
445 415 166
327 365 106
250 236 ?
86 435 ?
328 163 -1
29 305 ?
435 321 ?
204 51 -1
251 433 ?
166 492 ?
88 76 ?
199 85 45
288 414 ?
321 71 36
60 296 -1
238 337 -1
301 459 ?
355 142 ?
158 195 -1
12 22 -1
93 419 -1
456 407 275
5 78 ?
324 388 ?
277 322 -1
32 160 196
490 300 -1
17 349 ?
245 485 -1
348 437 -1
349 61 ?
244 428 ?
362 498 57
228 26 ?
324 146 83
280 184 68
4 295 -1
83 100 241
490 409 ?
229 74 ?
113 378 5
429 88 59
171 39 146
72 448 26
361 344 -1
41 469 5
290 43 157
272 284 48
220 329 ?
446 59 ?
276 228 -1
408 99 11
177 496 -1
5 389 ?
134 0 17
277 440 -1
468 307 162
78 104 -1
111 153 ?
124 91 ?
176 102 152
45 271 56
251 403 ?
315 86 -1
216 393 5
244 222 -1
121 237 ?
94 451 ?
227 173 ?
239 497 ?
252 395 -1
181 437 ?
262 303 ?
28 89 ?
312 3 68
25 35 ?
41 181 -1
197 390 19
497 346 ?
65 153 36
465 36 ?
313 250 -1
1 113 -1
287 227 ?
387 346 246
77 167 35
161 313 ?
145 166 5
189 97 70
422 157 -1
94 35 ?
83 178 10
225 1 -1
472 83 27
308 68 58
20 208 ?
47 88 ?
449 298 228
146 246 ?
310 349 101
13 76 92
367 361 -1
109 474 -1
217 386 24
226 174 ?
151 465 6
78 155 144
463 213 7
271 263 22
116 334 ?
294 434 72
212 261 -1
292 147 225
242 104 ?
171 352 109
440 405 ?
491 85 ?
267 69 -1
169 205 280
236 205 -1
391 198 -1
161 350 -1
100 241 18
46 198 ?
155 444 -1
246 352 22
316 137 ?
186 493 ?
421 97 -1
84 128 -1
17 336 -1
315 483 ?
242 392 86
199 38 81
131 22 ?
246 433 -1
150 212 95
8 302 -1
267 393 -1
11 210 21
347 92 28
82 416 ?
349 282 54
261 43 -1
446 114 ?
351 301 ?
207 414 5
387 23 17
399 446 ?
318 240 ?
134 332 84
329 393 97
405 21 -1
213 237 85
461 385 -1
115 320 30
359 37 ?
179 88 96
481 409 252
467 70 10
216 70 ?
208 463 39
142 176 112
147 394 263
438 183 ?
305 85 -1
186 2 146
296 382 ?
88 17 -1
39 166 ?
87 53 116
147 224 -1
127 138 ?
83 102 137
42 293 ?
406 16 ?
333 396 -1
282 235 203
324 138 ?
328 169 315
462 44 87
388 421 10
494 426 138
487 189 33
475 224 ?
496 206 26
235 24 48
185 82 ?
138 62 83
14 7 -1
286 279 144
319 118 ?
355 470 -1
176 228 ?
343 66 47
75 394 ?
419 370 ?
374 356 84
86 124 ?
231 148 -1
451 272 -1
34 187 ?
70 115 54
63 87 ?
54 498 -1
92 477 130
7 154 85
45 5 35
282 485 72
118 196 -1
310 404 38
109 377 -1
316 302 ?
148 180 ?
196 133 -1
349 229 -1
169 127 -1
56 267 101
312 340 -1
459 117 19
494 326 -1
301 132 ?
78 402 -1
377 422 -1
192 107 62
197 373 ?
175 459 -1
428 315 -1
25 375 -1
359 224 -1
453 426 -1
306 94 -1
300 152 -1
9 332 135
498 156 105
329 249 -1
62 346 -1
468 27 -1
443 436 17
469 348 ?
144 97 35
186 37 ?
303 345 -1
185 24 -1
353 204 -1
382 123 -1
93 340 108
404 401 -1
112 139 -1
310 351 30
189 374 62
396 224 ?
90 431 111
231 406 ?
272 207 -1
41 123 221
45 113 -1
78 273 -1
494 325 ?
223 3 524
262 270 ?
228 398 -1
15 337 ?
415 416 ?
436 449 -1
337 330 235
157 110 ?
188 393 ?
215 14 63
279 91 ?
410 33 -1
257 217 -1
288 16 72
290 189 5
77 386 ?
127 371 42
128 208 ?
100 265 ?
318 361 87
353 459 58
410 279 14
283 176 -1
11 171 34
218 1 ?
335 273 183
0 434 72
493 428 31
29 430 -1
99 396 -1
198 75 -1
438 286 ?
417 85 127
477 363 ?
475 181 ?
434 273 69
262 134 60
195 451 5
185 186 ?
458 376 234
383 256 196
203 426 20
267 466 5
27 301 162
414 158 ?
234 77 -1
425 464 -1
5 383 ?
385 210 ?
19 476 41
198 137 ?
139 19 ?
267 18 -1
479 454 5
64 155 ?
166 348 -1
424 51 ?
440 33 70
488 39 ?
442 142 527
198 101 ?
100 411 44
406 128 -1
93 338 126
142 41 30
326 369 35
237 99 ?
389 64 57
307 11 -1
5 14 ?
126 58 74
208 42 -1
448 342 ?
169 478 268
184 330 -1
465 137 53
187 440 55
468 8 -1
316 86 16
127 460 ?
128 29 133
408 24 41
164 443 ?
3 283 25
4 286 144
61 40 ?
23 484 -1
230 458 272
444 62 ?
181 291 -1
272 298 296
249 31 -1
411 366 254
341 84 -1
108 171 -1
78 318 ?
268 162 ?
414 406 -1
452 148 -1
272 194 102
255 374 ?
415 40 ?
45 481 46
445 72 -1
218 182 -1
246 100 ?
106 87 ?
463 92 -1
375 234 14
301 132 ?
221 88 ?
375 81 ?
348 158 -1
265 445 80
159 281 -1
151 207 21
28 463 -1
38 206 -1
306 209 144
67 204 -1
411 331 -1
426 159 ?
485 181 -1
96 463 -1
120 99 ?
332 424 -1
477 397 -1
209 274 -1
383 384 ?
343 452 412
445 172 133
167 196 -1
52 148 20
148 433 ?
289 127 ?
57 262 -1
419 104 202
111 66 ?
276 111 -1
342 219 24
253 259 -1
52 108 -1
316 105 5
360 140 -1
384 253 44
330 438 -1
88 432 25
1 147 46
225 16 30
367 157 145
405 428 55
36 226 98
475 443 -1
330 416 ?
112 205 135
43 462 ?
359 304 ?
212 341 -1
189 192 -1
249 176 43
12 225 -1
388 445 76
368 479 -1
208 137 87
271 274 ?
450 417 -1
337 130 343
146 406 192
347 271 ?
214 493 -1
9 286 -1
162 237 ?
240 484 163
157 173 ?
65 35 ?
97 265 127
49 347 ?
79 44 90
254 31 66
223 224 ?
437 47 -1
455 338 ?
266 1 205
446 24 45
91 152 ?
495 206 73
388 490 ?
264 446 ?
108 265 ?
259 253 7
339 357 46
355 73 106
219 382 ?
163 268 ?
314 293 ?
445 441 ?
389 240 104
211 159 475
450 305 ?
158 490 ?
252 303 ?
308 303 -1
46 4 67
265 245 104
253 448 -1
161 127 77
292 298 83
325 226 338
91 405 ?
267 243 ?
105 429 125
67 434 32
123 124 -1
361 204 ?
236 469 78
404 70 ?
289 302 70
354 384 -1
259 266 -1
382 61 64
125 398 ?
490 485 ?
50 391 100
316 108 ?
155 149 ?
451 263 162
139 37 32
338 400 10
358 194 45
381 272 -1
8 56 159
256 220 65
411 253 79
416 435 -1
1 73 62
83 297 124
285 30 7
218 35 136
414 252 -1
480 168 ?
151 133 -1
191 101 40
1 405 73
349 426 -1
164 145 113
64 322 50
457 390 165
284 107 -1
20 96 ?
134 301 ?
163 482 -1
209 411 -1
489 251 28
400 150 -1
242 495 ?
316 43 -1
39 40 20
325 453 111
238 202 -1
381 52 23
140 476 -1
123 189 -1
390 36 39
62 349 -1
316 401 -1
347 425 72
457 229 -1
343 390 -1
81 315 -1
380 356 ?
62 85 -1
381 154 -1
10 294 ?
223 54 ?
132 433 39
102 314 36
22 0 ?
57 265 ?
494 5 -1
103 33 -1
276 323 7
164 246 17
456 18 -1
233 438 -1
185 58 -1
88 127 32
143 491 176
247 359 -1
158 119 208
58 478 ?
130 152 ?
480 285 ?
9 169 111
359 110 ?
276 203 102
295 462 87
158 36 9
108 223 106
406 21 158
499 178 19
498 210 -1
6 492 -1
77 73 ?
129 324 -1
388 284 5
203 408 -1
187 339 82
118 443 -1
339 176 ?
60 441 -1
28 370 ?
419 203 -1
305 155 ?
165 97 -1
15 285 -1
326 60 ?
437 269 -1
146 272 ?
59 205 ?
420 469 -1
68 24 -1
205 177 228
336 452 ?
157 179 5
168 153 -1
49 254 52
142 229 79
81 454 ?
483 169 ?
196 369 ?
195 120 ?
492 321 59
57 425 114
379 99 ?
239 11 -1
468 62 143
274 7 135
218 409 -1
403 22 -1
370 197 5
194 468 491
434 341 -1
37 88 ?
151 345 ?
98 117 ?
123 207 -1
112 58 -1
212 203 ?
371 498 305
292 244 ?
407 399 42
27 281 -1
492 489 ?
74 411 -1
327 122 262
348 315 ?
481 451 -1
73 289 100
455 417 -1
375 54 36
487 428 -1
115 335 -1
262 29 56
182 146 -1
57 473 ?
380 54 -1
216 114 -1
81 113 210
30 116 ?
257 89 123
111 290 352
37 47 -1
174 13 -1
51 169 ?
137 10 -1
15 351 -1
470 284 ?
6 69 18
239 91 154
189 473 124
353 42 48
440 16 203
284 162 -1
375 205 ?
209 142 -1
11 470 -1
436 317 58
454 77 ?
471 325 72
262 493 -1
491 230 106
300 161 -1
284 343 ?
13 135 ?
229 86 -1
82 394 -1
13 17 95
231 41 40
218 365 -1
153 453 -1
359 180 -1
315 176 80
161 295 334
239 432 -1
166 474 -1
469 100 ?
180 431 ?
131 423 157
166 218 ?
54 490 -1
424 83 -1
422 387 ?
414 297 -1
437 94 ?
147 467 26
55 221 94
6 74 ?
461 173 ?
256 64 -1
106 325 155
189 382 ?
293 121 -1
120 239 55
246 68 -1
200 51 43
440 40 -1
242 433 -1
158 180 89
374 289 -1
54 36 ?
254 29 ?
