114
114
78
40
92
83
138
56
133
88
133
69
55
50
93
54
90
139
88
76
52
65
126
109
42
65
105
117
128
64
64
64
83
97
69
104
98
109
110
103
64
43
66
79
135
81
69
88
148
120
44
121
46
51
66
58
114
27
70
79
102
151
96
114
147
119
145
101
49
152
58
112
87
72
93
78
144
138
110
90
98
42
88
80
118
88
71
78
106
111
84
110
114
109
78
88
54
89
73
73
120
116
57
66
99
104
125
98
106
148
85
84
123
97
95
104
56
78
66
88
88
172
99
67
55
89
72
75
94
122
111
70
36
147
68
88
108
70
104
74
71
106
83
112
92
66
69
79
59
69
41
98
72
79
23
117
81
79
102
141
114
61
74
67
59
73
76
46
72
44
34
87
148
84
83
95
104
85
74
142
107
74
89
99
55
117
86
187
112
62
77
75
105
90
84
93
70
78
108
102
117
91
76
123
83
122
80
92
91
70
98
83
139
81
28
66
66
77
66
83
75
39
113
107
80
47
58
92
90
82
89
86
106
99
128
85
68
74
69
57
101
41
90
58
5
90
73
51
168
105
89
95
82
137
73
76
84
80
111
73
93
58
92
88
73
105
52
38
114
100
108
65
134
112
101
71
72
57
109
91
35
71
56
69
194
91
88
123
83
54
111
101
91
91
94
84
87
67
59
93
171
84
93
92
87
