1000 5099
3 1 63
10 6 52
22 6 5
24 7 35
28 1 58
32 13 48
37 33 20
43 0 79
43 24 191
48 41 63
49 24 18
49 28 241
51 18 48
54 16 5
54 52 308
55 9 136
55 25 91
56 14 111
57 49 6
58 19 22
58 29 78
58 30 44
60 26 91
62 27 18
66 64 67
71 59 211
75 52 209
78 73 66
80 31 60
81 52 7
82 34 47
82 69 116
84 83 10
86 67 91
87 24 29
87 58 16
89 68 38
90 38 58
90 66 56
90 84 48
91 50 39
92 25 138
93 32 57
93 68 42
95 10 53
96 16 19
98 3 54
98 41 5
99 10 195
99 24 188
99 25 7
99 60 128
100 41 28
100 76 183
103 4 199
104 76 5
105 86 113
106 27 52
106 50 89
107 25 177
107 64 50
110 16 65
110 77 93
112 73 62
113 4 54
115 79 166
118 13 55
118 55 58
118 99 273
120 79 160
123 13 143
123 100 262
124 18 76
124 29 46
125 41 150
125 67 50
126 92 63
128 26 156
128 51 82
130 18 31
130 63 403
130 119 42
132 110 64
133 50 38
133 88 203
135 49 67
135 62 17
137 66 45
140 61 36
140 108 44
141 49 82
142 101 181
143 78 95
143 104 37
144 66 93
145 32 95
145 107 34
146 131 151
149 27 32
149 31 73
149 122 5
152 10 11
152 26 216
152 80 42
152 119 46
153 41 113
153 126 14
154 12 115
155 53 89
155 78 297
156 20 111
156 79 46
157 5 161
157 10 5
157 71 34
159 73 511
159 91 66
160 9 5
160 22 13
160 51 5
160 81 361
160 153 24
161 150 86
162 30 31
163 46 51
163 155 39
164 42 44
166 26 139
167 12 272
167 149 117
168 40 21
168 137 151
168 154 28
169 56 86
169 80 5
169 124 39
170 23 270
170 62 6
172 92 119
172 108 79
173 67 75
173 172 76
175 5 5
175 39 5
175 156 66
176 124 29
176 126 17
177 96 90
177 148 101
178 27 8
178 45 299
179 14 159
180 68 86
181 111 449
182 39 5
182 48 67
184 18 9
184 86 101
185 73 102
185 158 16
187 53 139
187 65 27
187 71 93
187 85 61
187 96 120
187 117 157
187 184 5
188 24 129
188 26 147
188 38 121
188 116 118
188 128 261
188 167 46
189 86 61
189 94 62
191 3 134
192 57 229
192 66 118
192 83 135
192 138 176
193 168 89
194 12 224
194 66 59
194 158 18
195 151 18
196 15 52
197 123 11
197 149 6
197 183 178
199 66 5
199 119 124
200 158 101
201 56 65
202 123 23
203 54 97
203 102 81
205 196 64
206 145 88
208 76 41
208 90 147
209 106 113
209 112 27
210 23 54
210 114 52
211 154 16
211 158 38
211 181 10
212 107 60
212 128 83
213 197 6
214 27 48
214 128 9
214 212 135
215 53 129
215 144 36
216 59 89
217 86 277
217 113 73
217 215 54
218 139 93
218 140 23
218 188 173
219 28 66
219 81 24
219 103 51
220 17 43
220 86 94
220 193 214
221 46 133
221 69 192
221 118 21
222 99 40
222 101 92
223 63 38
223 139 29
224 68 173
224 113 16
224 202 400
225 130 75
226 109 355
226 123 104
226 171 15
227 33 23
227 65 285
227 160 111
228 55 29
228 226 9
229 8 113
229 19 125
230 138 58
230 149 66
231 37 102
231 87 83
231 132 85
232 111 7
232 135 58
232 152 7
232 178 54
232 187 10
233 156 435
233 171 121
233 199 11
233 232 291
234 4 208
234 65 5
234 117 9
234 230 48
235 144 48
235 178 17
235 212 30
236 49 48
236 214 74
237 201 108
238 30 14
238 75 14
238 198 5
238 226 62
239 74 27
239 213 196
240 157 15
241 211 193
242 82 82
242 160 12
243 69 134
244 40 9
244 93 157
244 218 98
245 120 280
246 15 188
246 29 59
246 95 91
246 154 186
247 8 93
247 38 44
247 71 86
248 40 18
248 221 99
250 220 98
250 247 53
251 233 7
252 35 89
252 109 374
253 187 91
254 131 121
254 145 43
254 217 40
255 67 22
255 171 117
255 203 73
255 248 71
256 147 11
256 216 32
257 41 54
257 46 15
257 153 29
257 199 81
257 211 117
258 110 110
258 213 241
260 245 22
261 27 447
261 51 133
261 89 57
261 105 15
261 113 66
261 131 61
261 133 89
261 149 19
261 230 35
261 260 14
262 2 189
262 127 54
263 120 215
264 24 52
264 44 19
264 70 5
264 165 73
264 180 30
264 211 189
264 234 110
264 245 147
265 39 133
265 117 46
265 128 43
265 144 32
266 73 117
266 84 54
266 254 176
267 32 5
267 210 294
268 12 85
268 63 28
268 71 6
268 148 210
268 203 54
269 223 119
270 156 10
270 200 206
271 209 126
271 261 61
272 36 221
272 78 14
272 112 13
272 139 236
273 75 34
273 119 75
273 202 213
274 0 94
274 16 333
274 23 307
274 71 68
274 243 289
275 176 79
275 199 7
275 204 6
276 75 40
276 245 72
277 79 102
277 230 259
277 233 124
277 257 135
277 263 33
278 47 84
278 60 91
278 109 36
278 239 116
279 66 56
279 263 8
279 269 17
280 112 187
280 223 127
280 232 114
280 250 78
280 265 58
281 116 156
281 119 24
282 0 133
282 5 19
282 26 315
282 28 118
282 81 272
282 194 5
283 274 19
284 79 29
285 106 67
285 201 84
285 218 95
285 238 14
286 0 191
286 234 71
287 29 5
287 48 177
287 181 9
288 48 51
288 73 116
289 55 141
289 288 28
290 185 125
290 229 17
291 115 100
291 194 168
291 232 395
291 264 33
291 280 91
292 35 109
292 62 13
292 64 153
292 161 72
292 208 366
292 220 6
293 213 5
293 223 213
293 278 16
294 7 93
294 81 54
294 263 18
295 156 59
295 230 126
295 272 146
296 164 60
297 92 33
298 4 10
298 82 89
299 219 113
300 39 146
300 116 66
300 122 57
300 286 21
301 176 171
301 254 142
302 90 18
303 68 5
303 154 71
304 36 70
304 165 34
304 185 291
304 205 109
304 244 25
305 20 37
305 67 204
305 109 109
305 202 107
305 250 284
305 277 45
305 279 36
306 63 5
306 136 107
306 139 64
307 47 64
307 82 27
307 122 55
307 211 43
307 251 23
308 274 19
308 291 5
308 295 97
308 306 9
309 102 42
310 47 16
310 78 5
310 83 59
310 98 37
310 124 14
310 132 248
310 177 86
310 300 37
311 53 54
311 79 16
311 96 53
311 133 89
311 299 48
312 108 119
312 144 82
312 185 88
313 166 197
313 188 70
313 209 35
313 225 324
313 250 36
313 311 115
314 60 148
314 111 13
315 246 188
315 269 389
315 305 153
316 120 6
316 150 25
316 177 34
316 179 72
316 188 148
316 292 18
317 17 114
317 170 44
317 278 93
318 21 83
318 112 157
318 120 17
318 146 467
319 12 67
319 105 95
319 218 64
319 292 120
320 141 95
320 177 5
321 149 45
321 283 71
322 177 95
322 266 162
323 50 144
323 62 27
323 148 45
323 263 420
324 43 11
324 93 93
324 206 40
324 295 17
325 198 97
326 14 103
326 196 23
326 258 39
327 169 188
328 0 156
328 89 42
328 212 5
328 223 83
328 286 173
329 89 30
329 158 46
329 253 43
330 54 9
330 70 71
330 75 5
330 130 68
330 165 67
331 124 18
331 278 202
331 285 168
332 30 29
332 46 252
332 141 123
332 201 40
332 258 81
333 93 210
333 124 79
333 183 28
333 230 43
333 235 108
333 251 117
333 327 23
334 62 109
334 291 347
334 299 6
335 189 21
335 214 8
335 229 62
335 269 55
336 22 302
336 126 57
336 168 209
336 240 61
337 21 333
337 146 15
337 170 66
337 311 49
338 150 82
338 171 131
338 274 23
339 39 15
339 200 32
339 207 69
340 57 46
340 64 217
341 48 147
341 138 34
341 190 59
342 135 16
342 143 61
342 282 66
343 54 98
343 66 239
343 107 13
343 215 8
343 246 152
343 263 61
344 12 109
344 60 61
344 185 40
344 249 61
344 341 66
345 196 64
345 206 48
345 252 35
345 268 159
346 17 57
346 44 163
346 254 5
346 284 53
347 180 88
347 242 502
347 261 82
348 158 224
348 189 9
348 206 37
348 333 133
349 65 139
349 104 12
349 171 42
349 301 32
349 343 38
351 23 48
351 102 28
351 217 23
351 239 68
352 118 119
352 165 26
352 210 95
352 244 158
352 267 96
352 347 114
353 11 24
353 90 57
353 101 73
353 157 43
353 231 381
353 253 159
354 56 83
354 240 52
354 320 58
355 22 269
355 215 20
355 237 12
355 274 39
356 138 21
356 308 135
356 325 14
356 335 95
357 119 240
357 265 47
358 43 16
358 58 27
358 113 255
358 170 68
358 252 178
359 42 67
359 93 50
359 310 41
359 315 84
360 215 87
360 287 40
360 307 38
361 101 8
361 167 181
361 197 44
361 332 12
362 93 27
363 11 239
363 221 16
363 226 55
364 191 38
364 253 10
364 259 127
365 165 5
365 290 201
366 61 5
366 152 117
366 178 113
366 234 15
366 365 158
367 59 5
367 165 63
367 231 63
368 143 9
368 350 38
369 62 63
369 88 10
369 93 23
369 109 6
369 181 6
369 223 173
369 238 27
369 294 37
369 313 24
369 351 39
370 143 5
370 311 89
371 284 223
372 51 336
372 271 107
373 116 562
373 135 104
373 183 37
373 188 6
373 223 108
373 296 98
373 369 5
374 93 51
374 98 40
374 158 87
374 253 5
374 318 189
375 88 21
375 232 154
375 299 134
376 95 100
376 206 16
376 235 137
376 311 89
376 335 129
377 87 45
377 107 142
377 111 87
377 132 140
377 150 319
377 236 166
377 371 155
378 152 106
378 373 78
379 222 51
379 245 143
379 301 41
379 333 14
380 248 86
380 302 27
381 4 5
381 44 50
381 109 51
381 163 90
381 329 14
382 32 58
382 193 178
382 243 131
382 255 46
382 328 84
383 79 20
383 87 27
383 134 10
383 193 160
383 247 98
383 251 44
383 268 178
383 279 10
383 290 32
384 128 50
384 187 37
384 335 97
385 38 63
385 39 321
385 59 5
385 111 25
385 318 16
385 343 35
385 364 19
386 60 128
386 172 5
387 107 6
387 139 86
387 260 193
387 261 107
387 367 38
388 31 103
388 59 207
388 218 31
388 235 203
388 265 105
389 101 135
389 110 39
389 191 40
389 219 173
389 353 20
390 2 52
390 294 59
390 317 50
391 90 5
391 218 57
392 52 12
392 312 124
393 25 242
393 166 23
393 242 95
393 378 294
394 175 5
394 192 94
394 221 50
394 248 42
394 255 100
394 362 47
394 388 110
395 40 59
395 331 12
395 359 15
396 76 14
396 134 106
397 9 126
397 306 144
397 311 236
398 90 6
398 142 11
398 159 107
398 179 257
398 186 221
398 263 333
398 317 76
399 37 23
399 163 40
399 168 284
399 341 75
399 386 150
400 200 59
400 279 139
400 298 165
400 346 148
400 398 8
401 48 42
401 351 116
401 370 191
402 7 22
402 255 194
403 46 21
403 223 76
403 244 96
404 30 5
404 34 5
404 85 26
404 155 228
404 395 307
405 81 5
405 231 96
405 254 59
405 259 58
405 267 286
405 346 99
406 42 11
406 364 92
407 112 27
407 249 5
407 254 57
407 321 262
408 141 465
409 332 26
410 2 122
410 36 127
410 142 59
410 167 65
410 189 328
410 256 85
410 293 5
410 319 102
410 327 20
410 333 25
411 121 19
411 142 18
411 291 274
412 6 83
412 276 122
412 369 177
413 6 60
413 29 99
413 68 162
413 372 60
413 400 178
413 403 25
414 185 81
414 214 9
414 293 32
414 356 16
414 372 99
414 384 95
415 16 21
415 85 42
415 128 228
415 141 70
415 351 246
416 13 30
416 80 101
416 134 21
416 278 29
416 301 112
416 341 71
416 365 47
417 80 82
417 327 356
418 102 61
418 125 15
418 132 199
418 320 120
419 146 102
419 178 88
419 330 22
420 29 62
420 63 29
420 104 280
420 112 27
420 359 50
420 367 89
421 182 16
421 211 209
421 228 120
421 275 5
421 296 111
421 343 102
421 391 181
422 34 26
422 82 12
422 146 27
422 260 91
422 330 100
423 2 22
423 60 52
423 328 126
423 342 155
423 405 9
423 409 84
423 417 46
424 227 65
424 354 71
425 210 38
425 281 5
425 341 83
425 349 23
426 54 17
426 120 22
426 354 14
426 373 5
427 55 19
427 123 237
427 167 200
427 276 41
427 277 10
427 340 189
428 48 57
428 230 83
428 258 90
428 299 163
429 0 6
429 202 32
429 321 66
429 332 223
430 11 202
430 40 137
430 50 45
430 63 229
430 116 32
430 250 95
430 278 11
431 144 130
431 266 263
431 283 325
431 319 50
431 417 90
432 50 33
432 225 28
432 237 36
432 279 36
432 335 41
433 143 28
434 131 97
434 271 64
434 313 196
434 413 29
435 62 31
435 141 32
435 385 64
436 66 72
436 181 246
436 221 97
436 402 86
437 6 255
437 34 5
437 71 109
437 92 189
437 121 152
437 127 270
437 185 24
437 302 67
437 323 16
437 339 67
438 144 18
438 229 142
439 177 90
439 280 48
439 369 84
440 39 189
440 218 29
440 423 11
441 0 40
441 159 56
441 193 124
441 204 34
441 268 31
441 429 29
442 42 90
442 60 5
442 93 154
442 129 38
442 139 161
442 152 60
442 345 66
443 19 81
443 168 82
443 218 57
443 334 51
443 338 17
444 122 63
444 125 137
444 414 166
445 100 90
445 169 31
445 245 29
445 273 150
445 304 70
445 359 10
445 384 8
445 387 64
446 8 64
446 142 105
446 173 131
446 311 87
446 312 14
446 332 57
448 167 14
448 206 30
448 409 40
448 419 471
449 89 377
449 254 347
449 400 209
450 12 45
450 18 21
450 82 18
450 221 61
450 321 80
450 403 16
451 170 35
451 194 24
451 290 5
452 13 115
452 72 39
452 105 221
452 149 13
452 295 89
452 299 226
452 404 185
453 192 202
453 325 103
453 351 296
453 425 48
454 138 7
454 445 46
455 101 115
455 382 197
456 22 56
456 228 85
456 251 234
456 296 63
456 388 35
456 439 82
457 182 173
457 350 122
458 34 209
458 177 10
458 207 51
458 295 12
458 387 180
459 34 127
459 104 18
459 115 74
459 165 105
459 169 6
459 190 52
459 214 33
459 299 25
459 350 29
459 363 51
459 372 23
460 363 97
461 13 20
461 237 46
461 392 108
461 413 76
461 430 32
462 99 52
462 188 72
462 224 47
462 264 48
463 32 50
463 73 10
463 167 31
463 290 258
463 374 22
463 433 259
463 438 130
464 173 18
464 225 13
465 153 81
465 173 15
465 266 169
465 447 24
466 47 147
466 109 11
466 120 55
466 222 394
466 415 90
467 65 78
467 116 22
467 285 40
467 347 60
467 360 281
467 368 8
467 453 298
467 463 109
468 229 23
468 282 5
469 33 76
469 96 5
469 117 27
469 163 20
469 339 50
469 374 231
469 389 99
469 394 108
469 408 72
470 31 271
470 165 5
470 186 414
470 221 49
470 253 74
470 305 218
470 448 5
471 34 65
471 233 277
471 270 33
471 366 18
471 395 43
471 404 119
472 136 46
472 138 58
472 209 126
472 344 10
472 351 70
472 418 185
474 44 56
474 185 46
474 201 101
474 320 28
474 380 9
475 197 5
475 287 42
475 296 23
475 306 343
475 389 29
475 429 21
476 103 66
476 235 10
476 264 167
476 407 8
477 15 9
477 240 89
477 286 118
477 439 32
478 22 15
478 32 25
478 104 72
478 105 156
478 201 186
478 244 128
478 294 129
478 375 293
478 382 121
479 128 71
479 279 140
479 350 43
479 428 32
479 439 88
480 19 97
480 60 327
480 220 390
480 258 101
480 321 106
480 330 31
480 333 130
480 354 69
480 374 72
481 62 233
481 192 18
481 416 88
482 92 85
482 160 116
483 128 46
483 223 187
483 339 106
483 389 5
483 417 233
484 28 269
484 65 21
484 192 191
484 206 41
484 339 62
485 1 145
485 109 21
485 300 8
485 327 5
485 464 59
486 437 32
486 456 229
487 165 29
487 225 10
487 250 21
487 282 86
487 329 52
488 220 50
489 116 98
489 209 27
489 226 65
490 63 32
490 164 32
490 294 31
490 299 255
490 369 214
490 393 106
490 424 35
490 451 267
490 453 25
490 485 292
491 295 8
491 358 301
492 244 150
492 255 317
492 336 19
492 426 58
492 434 47
492 462 5
493 33 43
493 85 81
493 153 25
494 32 107
494 72 138
494 92 111
494 204 13
494 207 42
494 359 39
494 477 21
495 24 120
495 145 75
495 178 28
495 182 60
495 340 30
495 488 25
496 51 26
496 107 56
496 145 133
496 151 294
496 416 19
497 82 47
497 136 16
497 216 347
497 255 43
497 374 177
497 464 56
498 14 31
498 21 198
498 70 135
498 103 7
498 125 35
498 129 75
498 131 91
498 138 77
498 314 282
498 327 68
498 330 21
498 359 76
498 472 46
499 41 123
499 67 171
499 203 211
499 279 117
499 305 99
499 311 188
499 385 19
499 467 9
500 92 446
500 185 93
500 192 269
500 364 40
500 367 81
500 376 205
501 112 324
501 158 59
501 457 44
502 18 122
502 54 130
502 162 165
502 193 81
502 253 95
502 345 5
502 426 5
503 1 65
503 41 18
503 200 144
503 277 25
503 440 89
503 461 267
504 8 144
504 171 111
504 226 12
504 465 5
505 110 72
505 196 259
505 260 53
505 466 30
505 496 56
506 100 687
506 221 91
506 399 21
506 468 130
507 179 172
507 188 232
507 350 14
507 433 48
508 16 58
508 121 222
508 171 79
508 182 37
508 196 11
508 338 164
508 452 40
508 493 61
508 497 113
509 25 149
509 46 49
509 125 5
509 257 18
509 263 86
509 277 28
509 288 57
509 324 69
509 409 6
509 476 61
510 145 17
510 180 16
510 501 68
511 15 350
511 157 116
511 410 159
511 456 5
511 483 48
512 99 158
512 140 213
512 203 62
512 338 92
512 362 12
512 450 43
513 140 72
513 264 38
513 322 71
513 464 128
514 18 59
514 169 95
514 229 92
514 234 96
514 249 37
514 275 47
514 311 62
514 345 25
514 422 106
515 177 71
516 37 73
516 75 19
516 137 389
516 142 67
516 174 22
516 176 68
516 229 87
516 319 100
516 346 172
517 73 39
517 120 34
517 354 235
517 373 14
517 415 75
518 192 150
518 231 33
518 254 39
518 471 21
518 479 58
518 499 95
519 49 11
519 81 163
519 276 315
520 94 20
520 152 59
520 270 49
520 308 148
520 442 394
520 477 286
521 206 137
521 374 77
521 463 107
521 494 366
522 116 40
522 253 46
522 313 94
522 507 86
523 45 5
523 183 6
523 222 37
523 373 23
524 28 113
524 95 27
524 107 339
524 155 75
524 300 88
525 37 18
525 65 284
525 259 56
526 19 159
526 221 45
526 291 510
526 368 137
526 430 17
526 461 146
527 22 74
527 279 105
527 311 182
527 320 25
528 14 52
528 144 126
528 155 5
528 180 177
528 230 15
528 373 5
528 377 50
528 504 59
529 32 80
529 115 32
529 292 27
529 306 5
529 352 24
529 409 5
529 416 148
530 58 23
530 116 79
530 270 32
530 326 16
530 376 116
530 518 25
531 58 155
531 82 89
531 181 58
531 241 44
531 301 191
532 8 88
532 85 137
532 192 16
532 233 5
532 475 208
533 277 11
533 416 210
533 447 25
534 128 71
534 219 141
534 250 14
534 254 22
535 11 113
535 177 19
535 273 148
536 34 5
536 311 128
536 513 386
536 521 19
537 56 13
537 196 11
537 355 20
538 69 129
538 450 73
538 514 72
539 263 80
539 441 7
539 500 151
540 19 208
540 132 256
540 141 94
540 151 112
541 103 129
541 139 18
541 169 58
541 229 16
541 297 8
541 445 172
542 28 5
542 62 212
542 102 18
542 377 178
543 119 313
543 185 11
543 327 12
543 414 53
543 417 110
544 40 149
544 71 36
544 357 37
544 524 12
545 4 116
545 34 20
545 212 259
545 356 137
545 460 68
546 53 281
546 170 179
546 179 64
546 301 98
546 430 49
547 66 189
547 216 126
547 289 65
547 489 41
548 5 23
548 183 47
548 236 73
548 367 34
548 460 22
549 367 71
549 540 38
550 1 54
550 79 163
550 90 122
550 124 85
550 217 117
550 285 5
550 305 205
550 341 103
551 72 32
551 99 5
551 128 544
551 131 85
551 463 173
551 540 41
552 347 54
552 446 53
552 462 202
552 471 71
552 484 46
553 13 44
553 111 83
553 170 112
553 178 9
553 197 526
553 397 39
553 522 69
554 37 20
554 50 136
554 108 67
554 142 190
554 257 26
554 338 111
554 402 41
554 442 22
554 455 23
554 480 5
554 506 122
555 76 65
556 19 72
556 135 133
556 211 105
556 280 141
556 302 12
556 340 10
556 513 5
557 224 63
557 334 9
557 473 268
558 96 32
558 162 22
558 234 5
558 345 5
558 413 16
558 525 75
558 553 39
559 134 5
559 136 340
559 187 10
559 450 42
560 173 49
560 207 42
560 253 12
560 283 5
560 294 10
560 330 26
560 353 124
560 366 266
560 378 115
560 465 160
560 509 218
561 162 92
561 165 130
561 173 65
561 203 164
561 227 24
561 229 78
561 231 43
561 440 156
561 484 15
561 498 48
562 104 72
562 123 94
562 355 11
562 433 17
562 496 68
563 238 39
563 335 51
563 354 62
563 360 75
564 67 176
564 76 22
564 306 89
565 80 116
565 122 541
565 195 60
565 217 89
565 290 235
565 301 173
565 321 5
565 409 48
565 562 39
566 160 39
566 182 82
566 301 42
566 356 107
567 2 47
567 39 15
567 103 87
567 157 68
567 158 7
567 162 145
567 446 53
567 549 26
568 12 296
568 157 222
568 435 5
568 450 183
569 29 350
569 101 58
569 240 5
569 251 180
569 284 77
569 330 569
569 471 5
569 522 60
569 552 202
570 47 71
570 57 6
570 191 40
570 415 265
571 9 34
571 312 102
571 314 62
571 365 108
571 438 76
571 495 5
572 72 49
572 178 17
572 218 142
572 223 32
572 288 95
572 339 232
572 389 80
572 425 13
572 534 238
572 564 334
573 189 213
573 213 198
573 424 51
573 469 22
574 123 38
574 270 54
574 289 41
574 301 89
574 314 72
574 407 49
575 27 209
575 122 184
575 169 130
575 194 65
575 246 162
575 279 97
576 24 50
576 186 79
576 277 65
576 338 10
576 349 165
576 378 169
576 399 214
576 518 103
576 559 139
577 7 63
577 136 109
577 330 55
577 558 50
578 168 26
578 395 235
578 513 62
579 137 111
579 184 115
579 230 45
579 294 73
579 372 126
579 551 336
580 116 69
580 234 48
580 441 223
580 450 188
580 504 43
581 0 102
581 4 29
581 6 14
581 97 273
581 98 256
581 109 9
581 426 42
581 546 128
582 145 91
582 158 30
582 186 195
582 214 27
582 332 179
583 7 58
583 101 25
583 130 32
583 163 79
583 185 167
583 451 109
584 261 168
584 293 13
584 365 154
584 431 138
585 6 5
585 19 64
585 306 5
585 315 16
585 320 196
585 343 110
585 374 5
585 386 133
585 405 62
585 411 13
586 254 27
586 260 142
586 297 418
586 300 164
586 372 82
586 391 191
586 404 154
586 427 54
586 497 172
586 501 42
587 69 89
587 212 5
587 226 29
587 259 80
587 279 151
587 312 33
587 366 192
588 46 224
588 144 18
588 217 286
588 274 48
588 384 145
588 444 137
588 520 87
588 582 156
589 42 58
589 119 5
589 165 133
589 399 81
590 52 25
590 278 142
590 294 288
590 421 48
590 518 140
591 2 288
591 5 80
591 143 81
591 154 193
591 229 13
591 252 169
592 139 167
592 152 218
592 178 20
592 234 121
592 295 46
592 358 19
593 47 9
593 144 5
593 342 26
593 385 30
593 396 42
593 555 186
593 586 7
594 0 65
594 92 5
594 260 19
594 289 28
594 397 87
594 457 122
594 463 17
594 577 51
594 592 5
595 99 30
595 194 54
595 287 44
596 125 125
596 356 217
596 438 96
596 588 148
597 147 120
597 239 139
597 283 45
598 6 166
598 118 288
598 205 110
598 300 61
598 467 134
599 80 122
599 236 107
599 291 113
599 371 36
599 524 56
600 209 152
600 333 26
600 357 33
600 426 281
601 122 35
601 390 7
601 398 360
601 423 5
601 541 94
601 560 133
602 111 72
602 171 29
602 275 330
602 422 158
602 443 148
603 140 43
603 323 9
603 503 5
603 536 13
604 58 90
604 209 19
604 315 76
604 369 49
604 516 7
605 8 36
605 166 128
605 213 42
605 313 60
605 416 290
605 494 122
606 152 67
606 224 34
606 303 160
606 456 47
606 492 57
606 557 12
606 567 99
607 7 85
607 31 141
607 64 247
607 89 231
607 153 9
607 296 16
607 330 40
607 396 52
608 143 165
608 159 5
608 196 39
608 240 54
608 257 19
608 274 415
608 308 82
608 438 20
608 471 122
608 552 50
608 569 270
608 570 39
608 572 91
609 254 13
609 318 98
609 501 165
609 521 57
609 548 18
609 550 90
609 567 76
610 1 130
610 45 189
610 223 127
610 236 157
610 356 107
610 384 44
610 405 337
610 467 12
610 547 28
610 556 254
610 581 6
611 21 195
611 115 10
611 134 68
611 142 91
611 259 99
611 276 29
611 466 214
611 483 45
612 59 34
612 118 5
612 419 87
612 481 141
612 582 19
613 50 41
613 242 55
613 285 5
613 334 27
613 342 174
613 383 135
613 474 127
613 481 213
613 517 54
613 559 8
614 100 81
614 109 73
614 316 86
614 362 284
614 448 85
615 27 48
615 173 45
615 188 186
615 230 32
615 243 180
615 285 53
615 295 199
615 314 280
616 23 43
616 41 34
616 81 96
616 151 44
616 218 49
616 298 245
616 513 76
616 516 42
616 533 164
617 54 152
617 79 12
617 87 174
617 223 19
617 528 990
617 543 266
617 615 208
618 4 102
618 32 203
618 202 18
618 224 7
618 342 89
618 361 266
619 187 13
619 210 58
619 211 18
619 222 107
619 359 65
619 499 35
620 45 30
620 326 40
620 367 68
620 373 47
620 546 75
620 575 205
620 598 115
621 246 128
621 270 53
621 271 80
622 77 119
622 83 18
622 146 87
622 259 53
622 322 7
622 364 31
622 384 73
622 519 167
623 15 181
623 174 263
623 266 59
623 333 12
623 342 9
623 428 109
623 442 167
623 536 5
624 8 21
624 220 270
624 261 79
624 372 30
624 400 68
624 482 48
625 172 125
625 194 187
625 266 54
625 437 129
625 554 50
625 569 143
626 91 234
626 97 5
626 309 230
626 316 43
626 395 44
626 606 59
627 29 327
627 60 84
627 70 53
627 136 38
627 167 339
627 252 185
627 348 61
627 435 255
627 484 15
627 513 21
628 45 142
628 107 212
628 182 71
628 215 72
628 508 167
628 590 38
629 53 6
629 58 237
629 110 15
629 222 109
629 238 138
629 260 68
629 321 12
629 394 387
629 407 108
629 534 213
629 613 534
630 120 169
630 410 77
630 629 5
631 78 109
631 132 64
631 135 50
631 207 112
631 490 32
631 519 179
631 607 5
632 254 74
632 269 5
632 347 109
632 375 240
632 402 436
632 404 227
632 533 13
633 17 11
633 150 37
633 151 78
633 154 192
633 330 156
633 385 10
633 448 27
633 610 83
634 126 28
634 137 334
634 178 173
634 184 141
634 609 249
634 626 29
635 33 5
635 88 9
635 157 41
635 173 47
635 343 54
635 414 283
635 429 93
635 571 8
636 111 5
636 246 187
636 375 5
637 61 16
637 295 43
637 318 225
637 396 30
637 450 6
637 460 5
637 562 90
638 362 99
638 433 10
638 485 94
638 535 151
639 35 148
639 198 166
639 243 94
639 280 39
639 608 177
639 624 146
640 44 35
640 127 70
640 251 104
640 399 51
640 555 18
640 557 181
640 580 38
640 611 34
641 222 112
641 334 9
641 496 59
641 585 22
641 587 34
642 3 23
642 196 76
642 265 51
642 325 71
642 360 5
642 372 100
642 435 47
642 560 41
643 14 59
643 143 186
643 152 31
643 173 21
643 180 5
643 195 96
643 218 60
643 235 115
643 289 35
643 481 310
643 496 5
643 566 70
644 8 108
644 59 54
644 269 41
644 290 5
644 440 32
644 447 22
645 52 5
645 209 30
645 284 144
645 317 11
645 327 128
645 356 90
645 435 66
645 485 61
645 578 72
646 3 117
646 79 185
646 159 126
646 287 268
647 227 48
647 558 38
648 15 574
648 67 250
648 185 185
648 312 277
648 347 48
648 380 5
648 499 11
648 630 77
649 0 85
649 192 33
649 278 89
649 331 186
649 356 43
649 369 38
649 409 100
649 494 32
649 546 359
649 567 11
650 19 330
650 103 14
650 338 38
650 427 58
650 558 24
651 129 188
651 202 73
651 261 56
651 503 109
651 544 78
651 630 41
652 234 62
652 280 71
652 386 5
652 516 5
653 151 198
653 339 24
653 384 74
653 556 26
653 579 353
653 588 29
653 648 30
654 98 36
654 187 85
654 353 168
654 422 41
654 610 53
654 625 19
654 636 114
654 638 10
654 646 288
655 38 216
655 168 33
655 312 101
655 317 27
655 345 126
655 368 27
655 414 70
655 527 93
655 624 17
656 33 12
656 296 22
656 379 89
656 516 327
656 529 17
656 621 31
657 39 41
657 135 257
657 186 256
657 285 41
657 444 11
657 455 178
657 461 5
657 512 136
658 175 468
658 238 10
658 340 259
658 364 15
659 58 101
659 84 90
659 185 38
659 206 196
659 293 217
659 311 203
659 395 129
659 401 5
659 462 29
659 496 152
659 516 5
659 545 118
659 583 143
659 638 5
660 4 199
660 191 68
660 210 85
660 269 220
660 497 346
660 578 132
660 613 69
660 658 243
661 1 87
661 54 372
661 243 215
661 287 56
661 476 42
662 58 164
662 119 14
662 219 51
662 230 258
662 311 100
662 471 43
662 517 122
663 310 67
663 316 15
663 387 152
663 394 131
663 541 31
663 607 10
663 621 10
664 53 188
664 319 72
664 335 82
664 378 139
664 478 105
664 519 14
664 554 167
664 574 33
664 597 28
665 16 7
665 17 7
665 36 307
665 52 5
665 57 149
665 313 113
665 325 16
665 373 155
665 443 194
665 575 305
666 246 14
666 276 125
666 349 18
666 644 87
667 51 8
667 120 358
667 201 130
667 270 189
667 282 5
667 332 86
667 357 141
667 620 46
668 4 9
668 141 27
668 368 57
668 382 13
668 480 60
668 532 81
668 654 5
669 8 19
669 59 170
669 196 31
669 215 5
669 240 347
669 277 160
669 320 11
669 511 102
669 571 34
670 72 33
670 99 5
670 101 34
670 122 292
670 597 28
670 668 112
671 124 65
671 217 128
671 539 249
671 583 8
672 26 307
672 252 40
672 376 40
672 495 66
672 522 21
672 524 110
673 52 197
673 55 287
673 388 205
673 431 9
673 583 5
674 60 130
674 76 13
674 113 26
674 144 81
674 155 108
674 278 5
674 447 45
675 91 29
675 142 52
675 168 92
675 346 127
675 406 98
675 473 43
675 476 69
675 530 31
675 632 57
676 13 8
676 73 18
676 74 286
676 117 11
676 209 158
676 294 173
676 343 127
676 363 22
676 402 189
676 654 234
677 127 221
677 351 228
677 379 61
678 115 12
678 204 116
678 270 335
678 336 7
678 527 47
678 531 73
678 659 20
679 16 34
679 30 71
679 77 8
679 88 60
679 90 169
679 114 32
679 162 249
679 247 93
679 287 9
679 496 146
679 518 560
680 360 7
680 363 47
680 409 125
680 413 42
680 493 25
681 7 18
681 144 179
681 211 103
681 536 191
681 593 5
681 601 177
681 621 34
681 635 27
682 146 309
682 163 183
682 190 72
682 192 43
682 350 31
682 487 126
682 531 52
683 98 330
683 266 8
683 272 123
683 310 210
683 411 175
683 596 105
683 678 27
684 254 88
684 314 105
684 394 73
684 419 94
684 435 139
684 445 37
684 447 250
684 666 29
685 39 68
685 95 44
685 149 63
685 170 100
685 310 28
685 643 92
685 653 70
686 53 90
686 79 230
686 116 156
686 145 96
686 183 169
686 203 12
686 284 15
686 351 59
686 508 49
686 685 50
687 15 372
687 52 184
687 75 34
687 258 118
687 262 7
687 396 30
687 645 149
688 255 37
688 359 154
688 375 5
689 266 55
689 391 9
689 420 230
689 431 316
689 456 422
689 532 92
689 605 335
689 657 104
689 671 47
689 675 87
690 52 14
690 107 44
690 273 64
690 594 61
691 7 59
691 496 117
691 574 161
691 579 24
691 627 38
691 689 99
692 47 10
692 53 84
692 87 11
692 97 49
692 202 273
692 203 15
692 269 135
692 284 244
692 530 106
692 618 8
692 633 54
693 120 45
693 209 41
693 232 5
693 379 7
693 560 8
693 594 469
693 669 92
694 119 44
694 142 69
694 238 17
694 397 10
694 430 13
695 125 22
695 141 70
695 313 21
695 371 168
695 418 112
695 428 61
696 16 135
696 66 37
696 71 86
696 179 38
696 239 234
696 513 50
696 553 57
696 645 181
696 646 472
696 672 52
696 686 401
696 692 247
697 161 9
697 375 409
697 404 5
697 453 21
697 473 32
697 541 98
698 269 277
698 295 161
698 401 147
698 409 27
698 444 132
698 585 140
698 688 159
699 103 323
699 135 112
699 160 114
699 170 136
699 198 61
699 291 5
699 396 102
700 186 48
700 455 30
700 570 227
701 61 92
701 142 51
701 158 5
701 236 261
701 286 176
701 319 110
701 403 76
701 568 99
701 586 212
701 654 190
702 23 209
702 317 24
702 320 25
702 396 103
702 493 25
702 600 10
702 648 32
702 668 203
703 37 72
703 60 30
703 97 5
703 159 34
703 210 79
703 531 141
703 591 81
703 597 116
703 675 77
704 47 43
704 93 81
704 136 66
704 277 176
704 372 43
704 408 54
704 479 162
704 510 185
704 569 103
704 680 17
705 47 14
705 218 63
705 395 317
705 518 107
706 168 51
706 275 194
706 377 34
706 404 77
706 406 174
706 471 83
707 116 353
707 203 23
707 283 40
707 299 5
707 408 7
707 432 40
707 501 195
707 545 106
708 5 20
708 34 163
708 213 98
708 272 171
708 284 93
708 425 123
708 562 17
708 574 41
709 58 128
709 188 5
709 225 59
709 492 78
709 568 15
709 607 70
709 641 36
710 52 26
710 80 70
710 109 39
710 162 5
710 251 144
710 313 36
710 405 6
710 425 11
710 462 31
710 488 57
710 530 77
710 575 55
710 629 31
711 208 93
711 242 40
711 337 364
711 383 66
711 536 208
712 21 347
712 115 21
712 216 71
712 256 428
712 309 140
712 340 25
712 349 142
712 475 53
712 599 75
713 27 84
713 154 7
713 264 101
713 269 7
713 307 42
713 529 41
713 659 23
714 4 162
714 57 21
714 475 19
714 552 235
714 576 51
714 590 31
715 14 80
715 36 195
715 241 38
715 269 144
715 287 21
715 381 88
715 478 90
715 565 112
715 576 194
715 673 421
716 14 17
716 91 58
716 183 39
716 220 71
716 368 32
716 606 321
716 629 216
716 693 303
716 714 30
717 186 42
717 380 137
717 538 242
718 19 69
718 110 35
718 226 65
718 579 53
718 673 31
718 680 105
718 714 117
719 4 15
719 122 21
719 226 94
719 262 16
719 327 30
719 485 263
719 578 81
719 678 93
720 59 37
720 114 262
720 140 9
720 227 67
720 262 5
720 381 38
720 442 43
720 467 98
720 632 14
721 173 281
721 174 44
721 356 54
721 569 88
721 649 5
721 693 57
722 38 347
722 61 10
722 133 15
722 142 107
722 320 44
722 371 137
722 545 25
723 202 63
723 266 35
723 274 39
723 537 14
723 697 76
724 176 135
724 250 21
724 342 37
724 371 54
724 511 101
724 551 60
724 599 105
725 43 7
725 64 45
725 122 383
725 577 154
726 46 111
726 127 121
726 142 18
726 289 189
726 422 27
726 449 169
726 451 5
727 141 87
727 270 157
727 389 141
727 435 124
727 493 64
727 603 66
727 621 23
728 68 145
728 123 12
728 141 250
728 168 546
728 481 193
728 650 92
729 90 54
729 106 177
729 335 10
729 556 186
729 697 33
730 26 108
730 301 70
730 327 6
730 331 26
730 512 274
730 585 134
730 649 49
730 671 122
730 675 18
730 713 137
731 97 263
731 109 15
731 167 10
731 195 77
731 271 10
731 380 59
731 388 161
731 617 145
732 31 181
732 181 24
732 236 29
732 379 19
732 603 11
732 618 106
732 709 69
733 49 73
733 151 65
733 234 28
733 687 8
734 99 40
734 125 7
734 211 5
734 440 37
734 471 68
734 490 6
734 696 5
735 34 10
735 65 27
735 94 113
735 109 44
735 127 12
735 200 175
735 419 47
736 97 44
736 268 15
736 288 91
736 448 59
736 474 211
736 493 98
736 538 34
736 647 53
736 676 125
737 8 30
737 115 159
737 441 301
737 491 70
737 551 148
737 612 174
737 616 173
737 670 69
737 693 109
738 12 105
738 111 6
738 325 87
738 395 42
738 544 6
738 649 214
739 43 256
739 110 31
739 133 30
739 175 93
739 239 13
739 319 419
739 340 378
740 134 113
740 179 204
740 316 29
740 374 65
740 482 18
740 556 90
740 615 6
740 693 117
741 424 36
741 488 43
741 547 175
742 160 142
742 258 33
742 382 5
742 422 39
742 457 46
742 572 76
743 168 92
743 297 32
743 377 22
743 416 46
743 494 128
743 719 72
744 30 16
744 481 14
744 484 44
744 504 5
744 545 361
744 551 91
744 601 179
744 662 42
744 736 152
745 126 36
745 232 97
745 323 5
745 341 107
745 422 114
745 511 17
745 545 19
745 674 296
746 28 57
746 112 69
746 296 176
746 316 189
746 470 62
746 595 99
747 113 142
747 378 236
747 528 256
748 166 24
748 195 14
748 250 20
748 508 90
749 42 74
749 55 256
749 222 263
749 271 65
749 404 148
749 405 105
749 489 22
749 548 161
749 742 86
750 18 73
750 28 285
750 89 173
750 124 12
750 172 250
750 378 166
750 542 14
751 79 17
751 153 6
751 370 21
751 448 107
751 569 22
751 665 8
751 677 21
751 744 41
752 183 224
752 230 15
752 385 29
752 408 156
752 415 10
752 454 82
752 492 14
752 507 99
752 532 33
752 576 46
752 686 85
752 733 10
753 130 146
753 142 132
753 183 132
753 258 281
753 260 6
753 269 114
753 467 377
753 706 138
754 63 103
754 88 241
754 199 90
754 232 65
754 378 191
754 383 76
754 390 176
754 461 46
755 7 33
755 68 259
755 220 320
756 110 10
756 403 450
756 643 357
756 710 250
756 738 91
757 38 15
757 50 55
757 130 104
757 310 64
757 332 178
757 353 187
757 634 16
757 706 32
758 161 30
758 255 54
758 317 124
758 383 42
758 435 24
758 474 195
758 503 142
758 600 10
758 619 124
759 176 82
759 220 27
759 367 162
759 453 128
759 501 277
759 550 63
759 559 65
760 181 53
760 244 325
760 505 17
760 556 5
760 609 30
761 371 108
761 423 167
761 591 33
761 717 24
762 20 8
762 265 31
762 297 26
762 365 5
762 396 107
762 535 5
762 649 89
762 717 123
762 733 19
763 353 32
763 524 101
763 608 144
763 679 83
763 680 144
763 686 5
764 38 27
764 83 15
764 174 81
764 177 94
764 218 195
764 288 15
764 344 50
764 690 29
764 760 16
765 201 133
765 202 182
765 257 301
765 322 7
765 463 40
765 514 426
765 522 174
766 185 59
766 202 15
766 430 77
766 586 8
766 741 113
766 742 31
767 12 19
767 92 112
767 310 24
767 515 18
767 521 172
767 559 234
767 629 118
767 666 291
768 53 18
768 159 7
768 164 96
768 441 263
768 455 113
768 584 21
768 608 145
768 611 41
768 690 309
768 735 328
769 283 117
769 339 91
770 91 84
770 212 36
770 335 470
770 376 114
770 441 10
770 499 12
770 573 66
770 599 5
771 374 195
771 659 8
772 114 42
772 128 175
772 132 12
772 200 224
772 204 231
772 230 69
772 361 57
772 435 370
772 482 281
772 548 15
772 618 50
772 702 90
772 757 128
773 145 211
773 228 38
773 299 438
773 417 21
773 445 111
773 470 145
774 71 103
774 89 161
774 124 8
774 144 10
774 165 155
774 277 81
774 335 36
774 387 9
774 615 5
774 661 85
774 723 101
775 54 89
775 203 263
775 239 100
775 541 15
775 663 14
776 107 46
776 333 5
776 409 6
776 562 267
776 625 99
776 649 341
776 680 233
777 62 163
777 200 63
777 295 159
777 577 100
777 580 29
778 147 70
778 261 44
778 321 95
778 403 113
778 460 25
778 516 328
778 550 99
778 584 127
778 685 116
779 68 427
779 95 56
779 97 54
779 153 50
779 235 11
779 403 288
779 490 69
779 523 14
779 698 43
779 723 163
780 97 85
780 250 75
780 251 285
780 284 75
780 365 28
780 769 34
781 113 70
781 118 156
781 270 39
781 304 5
781 516 28
781 583 9
781 623 46
781 713 35
781 756 28
782 273 267
782 749 22
782 769 142
783 227 16
783 489 17
783 681 131
784 117 169
784 328 22
784 474 7
784 674 73
784 682 59
784 709 143
785 4 19
785 331 5
785 466 5
785 522 136
785 618 19
785 725 97
785 745 102
786 10 242
786 216 22
786 238 59
786 265 89
786 277 56
786 352 86
786 364 320
786 485 15
786 543 116
786 578 126
786 670 501
787 178 117
787 210 243
787 270 202
787 314 80
787 333 20
787 530 10
787 609 46
787 647 83
787 666 42
787 750 23
788 185 5
788 202 41
788 295 9
788 352 24
788 403 19
788 460 62
788 461 104
788 477 74
788 597 6
788 646 48
788 699 191
789 128 190
789 252 143
789 307 83
789 395 6
789 461 48
789 475 82
789 555 94
789 632 71
789 636 49
790 101 177
790 132 117
790 299 5
790 553 117
790 666 5
790 772 81
791 23 134
791 120 136
791 153 25
791 170 936
791 304 163
791 383 11
791 606 50
792 89 195
792 194 52
792 200 85
792 297 70
792 455 9
792 541 53
792 572 88
792 578 65
792 589 44
792 640 42
792 651 21
792 768 214
793 143 80
793 178 21
793 471 44
793 481 55
793 555 83
793 583 40
793 609 7
794 44 39
794 112 117
794 173 8
794 179 59
794 220 87
794 325 11
794 534 92
795 60 256
795 77 15
795 329 50
795 360 20
795 465 246
795 695 33
796 10 34
796 14 227
796 15 547
796 249 38
796 429 50
796 469 166
796 658 688
797 168 132
797 179 290
797 189 72
797 194 57
797 342 72
797 452 63
797 597 8
798 8 43
798 171 5
798 306 47
798 443 225
798 535 95
798 707 120
799 104 5
799 356 37
799 501 109
800 24 17
800 154 88
800 156 71
800 222 10
800 229 141
800 619 19
801 52 5
801 62 23
801 185 126
801 265 8
801 312 130
801 332 5
801 347 191
801 354 82
801 363 8
801 476 73
801 613 20
801 777 126
802 13 5
802 54 16
802 75 29
802 111 22
802 269 56
802 335 104
802 548 12
802 557 16
802 661 140
802 696 40
803 17 46
803 41 105
803 245 106
803 358 5
803 390 106
803 617 136
803 738 54
803 771 49
803 786 373
804 71 156
804 94 97
804 424 346
804 510 123
804 549 153
804 572 211
805 63 147
805 225 329
805 519 48
806 76 132
806 343 63
806 344 234
806 434 34
806 740 154
807 5 91
807 209 5
807 317 68
807 357 402
807 391 19
807 442 21
807 500 44
807 534 102
807 647 106
807 765 5
807 794 44
807 802 132
808 118 56
808 162 19
808 190 62
808 318 209
808 605 138
808 624 30
808 787 58
809 40 53
809 265 5
809 321 111
809 661 26
810 134 66
810 293 5
810 340 6
810 349 43
810 422 153
810 426 271
810 442 73
810 466 29
810 497 66
810 556 103
810 576 26
811 5 281
811 36 25
811 82 15
811 104 67
811 157 16
811 171 17
811 278 30
811 294 5
811 382 172
811 456 455
811 521 11
811 546 166
811 579 39
811 599 251
811 622 37
811 718 29
812 24 57
812 88 167
812 133 150
812 417 26
812 552 35
812 654 21
812 793 228
812 804 43
813 17 265
813 76 22
813 236 141
813 404 33
813 429 22
813 573 5
813 627 5
813 784 101
814 146 151
814 407 54
814 472 13
814 513 267
814 767 49
815 8 221
815 78 233
815 330 77
815 386 5
815 451 69
815 662 62
815 675 5
815 731 25
816 85 58
816 89 132
816 462 33
816 565 99
816 636 41
817 62 40
817 195 124
817 219 22
817 261 43
817 271 64
817 313 37
817 374 94
817 395 93
817 494 144
817 594 90
817 706 68
817 727 85
818 156 69
818 403 72
818 546 45
818 699 39
818 721 70
818 768 298
818 806 190
819 72 126
819 130 80
819 269 19
819 384 229
819 543 5
819 768 9
819 774 8
819 806 80
820 160 109
820 191 163
820 272 71
820 281 46
820 567 165
820 586 38
820 639 5
820 710 264
820 756 39
820 765 5
820 779 23
821 90 23
821 141 181
821 168 5
821 296 8
821 352 105
821 397 92
821 584 201
821 724 55
821 760 89
822 125 50
822 148 50
822 193 118
822 603 185
822 799 48
823 55 250
823 159 22
823 285 7
823 327 58
823 472 25
823 479 70
823 559 147
823 571 5
823 678 40
823 739 64
824 21 87
824 42 7
824 123 81
824 131 16
824 138 11
824 234 320
824 306 29
824 323 6
824 360 30
824 463 29
824 470 40
824 745 182
824 791 48
825 99 69
825 138 96
825 213 29
825 373 603
825 469 68
825 486 129
825 672 103
825 753 46
826 67 35
826 142 194
826 173 200
826 206 20
826 349 351
826 395 6
826 512 31
826 534 83
826 669 42
826 809 73
827 8 128
827 21 96
827 78 156
827 81 55
827 108 12
827 110 78
827 260 55
827 318 63
827 327 33
827 379 119
827 454 147
827 455 51
827 514 27
827 578 316
827 603 152
827 742 35
827 795 48
828 38 121
828 45 89
828 51 211
828 88 170
828 107 278
828 163 60
828 187 8
828 205 108
828 249 96
828 379 65
828 388 259
828 412 223
828 499 132
828 728 267
828 736 189
828 742 424
828 743 613
828 765 110
829 182 204
829 214 5
829 256 227
829 265 270
829 342 18
829 400 38
829 632 84
829 707 5
829 722 247
829 735 16
829 775 106
829 783 137
829 811 40
829 828 285
830 98 40
830 290 37
830 429 80
830 505 428
830 611 13
830 635 59
830 804 218
831 18 63
831 37 73
831 49 98
831 152 134
831 172 115
831 201 47
831 280 57
831 301 11
831 407 12
831 505 26
831 608 33
831 636 9
831 725 229
831 749 153
831 795 270
832 61 93
832 72 187
832 276 97
832 738 36
832 769 32
833 57 11
833 103 213
833 160 166
833 171 108
833 186 76
833 188 42
833 213 24
833 259 241
833 299 43
833 425 23
833 431 146
833 633 69
833 694 183
833 760 31
834 75 60
834 393 174
834 398 16
834 567 6
834 572 313
834 618 53
834 673 7
834 778 37
835 7 138
835 65 274
835 103 13
835 211 15
835 539 15
835 684 17
835 717 91
835 725 112
836 116 25
836 255 54
836 312 35
836 364 57
836 645 47
837 23 90
837 123 89
837 131 5
837 137 208
837 161 171
837 463 125
837 798 30
838 54 100
838 72 5
838 98 120
838 167 136
838 217 63
838 221 189
838 608 200
838 724 146
838 730 71
839 105 31
839 138 76
839 463 77
839 578 136
839 703 14
839 709 92
839 814 35
840 44 5
840 208 344
840 772 76
841 152 573
841 308 192
841 322 79
841 359 239
841 409 113
841 436 46
841 532 48
841 723 182
842 26 37
842 185 73
842 347 22
842 368 363
842 455 53
842 459 5
842 473 25
842 478 242
842 549 49
842 605 195
842 628 16
842 686 21
842 751 70
843 60 223
843 110 137
843 236 70
843 268 51
843 312 246
843 346 45
843 458 52
844 79 71
844 155 26
844 214 271
844 588 234
845 116 116
845 125 174
845 417 5
845 465 115
845 646 145
845 651 51
846 62 23
846 106 22
846 202 14
846 206 101
846 292 22
846 422 30
846 490 198
846 494 5
846 507 39
846 619 31
846 665 233
846 735 38
846 841 33
847 197 48
847 204 50
847 215 317
847 297 45
847 411 22
847 463 8
847 517 35
847 623 138
847 627 44
847 675 6
847 708 49
847 792 45
847 811 90
848 235 124
848 381 81
848 565 5
848 693 46
849 29 58
849 129 215
849 187 155
849 188 162
849 245 213
849 262 193
849 381 21
849 408 43
849 527 17
849 567 5
849 662 106
849 796 204
850 53 128
850 178 19
850 183 8
850 220 107
850 254 60
850 268 119
850 280 8
850 282 75
850 343 58
850 586 51
850 624 308
850 677 35
850 699 106
850 782 148
851 9 110
851 147 5
851 165 5
851 344 117
851 497 24
851 630 84
851 687 277
851 732 155
851 761 171
852 89 67
852 101 23
852 202 87
852 282 148
852 327 60
852 330 381
852 386 36
852 441 5
852 535 149
852 549 13
852 554 45
852 566 127
852 708 456
852 743 102
853 208 206
853 272 56
853 285 142
853 341 46
853 372 221
853 375 93
853 416 16
853 463 34
853 531 5
853 542 5
853 598 20
853 711 11
853 785 24
854 186 41
854 312 18
854 338 37
854 546 56
854 562 297
854 628 52
854 697 5
855 149 65
855 359 70
855 432 84
855 444 162
855 601 10
855 730 27
856 224 454
856 229 99
856 248 51
856 338 109
856 361 88
856 368 81
856 509 29
856 728 58
856 846 298
857 93 268
857 121 19
857 235 47
857 375 66
857 378 20
857 588 110
857 691 176
857 835 72
857 854 77
858 135 104
858 194 67
858 201 186
858 327 85
858 374 126
858 451 177
858 516 134
858 540 130
858 818 38
859 61 124
859 178 255
859 449 161
859 529 79
859 739 37
859 840 36
860 18 362
860 111 74
860 325 151
860 360 374
860 384 73
860 518 167
860 525 17
860 539 106
860 792 159
860 821 132
861 49 46
861 103 41
861 174 10
861 254 12
861 290 124
861 438 63
861 487 55
861 657 168
861 664 147
861 859 30
862 456 306
862 709 5
862 744 44
863 29 44
863 112 71
863 265 93
863 790 85
864 155 5
864 400 81
864 414 150
864 457 5
864 638 33
864 685 44
864 686 21
864 718 379
865 162 7
865 206 13
865 366 67
865 422 5
865 585 19
865 654 50
865 768 42
865 778 370
865 860 10
866 55 69
866 192 27
866 305 226
866 465 27
866 701 16
867 122 61
867 170 59
867 238 65
867 299 78
867 355 254
867 361 96
867 600 278
867 614 57
867 736 34
867 784 69
867 820 298
868 27 73
868 335 45
868 373 47
868 513 86
868 727 74
868 766 17
868 816 269
868 838 191
869 205 105
869 361 139
869 368 10
869 379 94
869 567 165
869 828 39
870 96 144
870 163 139
870 198 256
870 388 5
870 419 300
870 471 25
870 531 13
870 545 132
870 678 5
870 705 47
870 707 55
870 809 125
871 183 5
871 335 22
871 485 110
871 542 7
871 632 27
871 664 29
871 793 278
871 797 10
871 836 89
872 26 96
872 29 54
872 111 228
872 138 68
872 140 49
872 220 38
872 285 60
872 322 214
872 359 5
872 409 253
872 460 244
872 494 67
872 608 91
872 611 113
872 688 10
872 809 319
872 831 115
872 838 142
873 89 14
873 127 5
873 149 39
873 180 26
873 346 81
873 357 10
873 368 23
873 435 226
873 467 22
873 578 83
873 650 284
873 659 129
873 712 30
873 746 7
874 65 131
874 83 76
874 197 54
874 227 196
874 269 47
874 271 19
874 341 204
874 403 362
874 489 63
874 544 89
874 601 9
874 680 168
874 771 71
874 822 249
875 37 18
875 173 93
875 245 20
875 270 42
875 411 111
875 567 36
875 769 304
875 819 219
875 843 67
876 85 32
876 179 91
876 388 11
876 429 514
876 822 31
877 19 229
877 43 56
877 185 19
877 217 15
877 244 105
877 246 156
877 365 54
877 611 289
877 656 22
877 660 63
877 765 22
878 11 40
878 53 61
878 563 93
878 628 39
878 725 70
878 843 55
879 53 177
879 54 340
879 85 147
879 88 98
879 373 38
879 558 75
879 571 169
879 589 422
879 615 51
879 672 101
879 769 211
879 788 119
880 53 54
880 241 37
880 249 16
880 585 168
880 796 63
881 29 108
881 72 237
881 128 6
881 179 64
881 255 234
881 511 54
881 520 67
881 554 190
881 557 88
881 654 98
881 804 240
881 814 85
881 835 61
881 852 63
882 3 131
882 397 56
882 516 403
882 532 16
883 78 45
883 329 64
883 407 89
883 446 53
883 581 291
883 654 9
883 787 18
884 79 197
884 166 215
884 188 377
884 223 5
884 640 27
884 688 285
884 770 27
884 794 18
884 805 136
885 19 179
885 248 252
885 330 60
885 384 87
885 392 10
885 403 89
885 422 182
885 452 5
885 557 22
885 694 75
885 755 5
886 37 56
886 53 193
886 130 95
886 162 135
886 212 196
886 240 51
886 385 177
886 396 51
886 664 71
886 695 47
886 760 81
887 31 98
887 106 18
887 258 271
887 266 62
887 356 130
887 506 5
887 570 22
887 723 105
888 25 75
888 32 57
888 63 77
888 150 164
888 395 33
888 404 53
888 546 145
888 587 165
889 14 90
889 237 16
889 284 33
889 382 124
889 400 119
889 550 147
889 660 207
889 772 41
889 773 19
889 818 8
890 397 214
890 623 168
890 810 98
891 48 87
891 332 329
891 507 547
891 695 79
891 702 17
891 747 147
891 789 84
891 812 394
891 829 82
891 832 5
891 877 61
892 45 29
892 397 5
892 446 33
892 451 13
892 464 76
892 657 5
892 776 86
892 818 13
892 849 192
893 36 60
893 137 33
893 138 215
893 199 32
893 458 298
893 472 77
893 501 167
893 504 23
893 648 114
894 57 55
894 330 172
894 333 80
894 509 21
894 568 100
894 595 152
894 675 87
894 721 58
895 3 226
895 155 257
895 269 189
895 377 64
895 608 58
895 651 125
895 744 16
895 842 102
896 635 177
896 812 131
897 0 20
897 124 102
897 339 7
897 385 171
897 462 48
897 526 19
898 97 306
898 146 29
898 152 34
898 228 174
898 346 103
898 475 5
898 498 107
898 583 13
898 687 177
898 704 48
898 738 28
898 798 189
898 816 291
899 26 62
899 380 13
899 430 17
899 574 104
899 699 54
899 807 76
899 895 41
900 69 48
900 237 81
900 349 216
900 436 12
900 512 208
900 519 80
900 578 53
900 669 160
900 737 136
901 40 111
901 163 60
901 348 23
901 431 95
901 594 59
901 639 203
901 660 60
901 828 68
902 17 49
902 176 204
902 289 336
902 290 46
902 303 74
902 318 59
902 335 151
902 371 378
902 431 165
902 468 114
902 480 6
902 524 36
902 708 307
902 797 92
902 840 18
902 865 114
902 877 124
903 48 298
903 92 117
903 126 50
903 225 345
903 233 61
903 256 60
903 323 31
903 387 12
903 460 116
903 471 38
903 729 32
903 812 315
903 871 10
904 25 141
904 36 350
904 234 59
904 491 87
904 613 27
904 630 33
904 694 87
904 783 35
905 27 32
905 143 242
905 197 164
905 207 45
905 363 412
905 369 32
905 463 334
905 575 48
905 698 174
905 873 96
906 4 31
906 64 15
906 173 92
906 198 78
906 205 209
906 264 151
906 373 113
906 423 17
906 678 83
906 825 60
906 870 293
907 14 67
907 53 565
907 106 68
907 151 5
907 154 147
907 188 43
907 236 5
907 288 128
907 705 294
907 756 23
907 792 5
908 91 257
908 131 5
908 322 169
908 380 27
908 421 9
908 441 35
908 676 10
908 858 105
909 101 186
909 341 305
909 411 43
909 684 26
909 815 7
909 905 319
910 147 48
910 186 72
910 268 125
910 297 268
910 463 5
910 628 504
910 797 96
910 854 321
911 21 6
911 116 19
911 187 112
911 335 5
911 540 155
911 651 52
912 22 65
912 56 91
912 329 23
912 728 88
912 879 171
913 273 28
913 369 112
913 523 8
913 591 210
913 607 23
913 621 38
913 740 5
914 175 38
914 344 128
914 406 9
914 528 401
914 886 163
915 14 119
915 155 115
915 165 90
915 307 146
915 431 5
915 512 5
915 580 97
915 601 86
916 189 144
916 272 54
916 273 260
916 310 97
916 336 258
916 346 299
916 540 86
916 561 47
916 615 231
916 616 55
916 701 96
916 762 33
916 831 279
916 844 30
916 909 13
917 110 306
917 311 15
917 420 66
917 491 6
917 555 19
917 613 23
917 633 7
917 649 68
917 670 106
917 676 105
917 850 5
917 884 39
917 904 255
918 52 28
918 67 98
918 97 199
918 103 163
918 227 61
918 518 241
918 701 74
918 821 296
918 856 468
918 884 98
919 12 87
919 291 5
919 377 5
919 424 116
919 430 52
919 483 74
919 551 163
919 643 289
919 727 180
919 758 45
919 767 21
920 7 51
920 88 44
920 114 96
920 215 87
920 338 6
920 397 36
920 415 39
920 518 89
920 554 139
920 610 71
920 613 302
920 668 224
920 743 77
920 802 127
921 59 16
921 256 52
921 319 32
921 356 141
921 374 200
921 394 97
921 458 8
921 533 62
921 632 39
921 635 17
921 642 272
921 655 25
922 401 396
922 427 90
922 653 38
922 719 141
922 754 106
922 792 84
922 812 96
922 832 125
923 16 31
923 41 150
923 131 376
923 140 43
923 259 105
923 301 180
923 419 127
923 425 15
923 712 46
923 897 107
924 10 14
924 140 9
924 262 5
924 370 225
924 742 7
925 222 20
925 396 41
925 504 273
925 611 6
925 612 56
925 622 45
925 645 109
925 848 28
925 879 84
926 278 71
926 519 68
926 550 40
926 652 411
926 757 128
926 774 30
927 345 134
927 414 5
927 674 174
927 873 27
928 73 12
928 94 9
928 146 19
928 356 118
928 541 100
928 603 106
928 607 31
928 646 137
928 802 46
928 812 217
929 52 207
929 261 9
929 287 36
929 507 120
929 524 271
929 681 66
929 735 378
930 80 70
930 124 44
930 205 141
930 411 51
930 446 486
930 582 77
930 584 94
930 880 61
931 43 118
931 53 136
931 92 24
931 131 201
931 488 295
931 588 25
931 654 27
931 749 289
931 813 805
932 241 548
932 270 171
932 390 36
932 399 149
932 465 127
932 490 51
932 567 379
932 614 121
932 626 57
932 627 81
932 740 124
932 868 18
932 910 17
933 177 48
933 317 28
933 425 83
933 690 30
933 819 159
933 825 53
933 854 130
934 254 103
934 422 46
934 560 26
934 574 148
934 719 335
934 747 171
934 800 28
934 846 31
934 885 100
935 13 30
935 103 321
935 211 39
935 480 104
935 532 162
935 559 23
935 618 387
935 657 34
935 714 74
935 832 134
936 149 259
936 173 184
936 232 164
936 249 17
936 349 35
936 433 158
936 437 64
936 627 502
936 645 32
936 678 78
936 712 6
936 729 9
937 94 54
937 129 22
937 222 54
937 265 282
937 367 95
937 417 117
937 467 5
937 610 73
937 668 68
937 764 55
938 77 117
938 364 69
938 411 161
938 434 54
938 528 400
938 680 70
938 694 151
938 740 117
938 826 163
938 832 12
938 909 6
939 232 84
939 275 24
939 346 61
939 417 211
939 517 63
939 528 207
939 579 120
939 635 57
939 800 132
940 35 20
940 170 304
940 263 120
940 321 89
940 338 342
940 384 253
940 395 25
940 426 99
940 695 89
940 700 19
940 812 32
940 916 46
941 180 133
941 335 81
941 468 10
941 923 5
942 73 151
942 169 50
942 225 129
942 352 73
942 404 54
942 555 65
942 601 42
942 616 112
942 684 93
942 911 74
943 184 173
943 421 22
943 431 95
943 501 39
943 574 15
943 684 128
943 738 16
943 755 116
943 793 107
943 923 46
944 180 52
944 183 74
944 204 5
944 352 43
944 418 78
944 458 200
944 552 50
944 683 18
944 816 96
944 827 31
945 8 268
945 32 114
945 82 50
945 169 42
945 344 24
945 388 90
945 398 81
945 804 22
946 12 112
946 153 31
946 368 143
946 394 171
946 543 195
946 662 115
946 688 190
946 943 31
947 42 101
947 65 113
947 88 19
947 137 210
947 302 115
947 327 104
947 405 33
947 416 49
947 580 206
947 592 34
947 597 5
947 629 27
947 641 23
947 774 5
947 897 27
947 929 58
948 202 44
948 418 12
948 466 35
948 489 7
948 882 444
948 916 84
949 1 14
949 26 133
949 107 48
949 113 72
949 354 37
949 419 154
949 454 19
949 502 12
949 617 77
949 676 83
949 707 111
949 925 103
949 934 166
950 9 122
950 314 147
950 327 48
950 332 89
950 338 6
950 521 31
950 917 145
951 289 122
951 369 110
951 480 29
951 598 22
951 607 41
951 771 22
951 819 108
951 844 149
951 845 52
951 847 7
951 882 54
952 61 242
952 321 174
952 801 57
953 343 7
953 366 6
953 433 65
953 446 34
953 460 211
953 513 133
953 932 45
954 55 208
954 270 189
954 542 122
954 641 56
954 747 30
954 756 190
954 767 26
954 779 21
954 829 14
955 119 28
955 163 10
955 271 111
955 281 153
955 296 57
955 415 105
955 493 148
955 526 100
955 532 139
955 539 143
955 651 45
955 687 74
955 689 53
955 769 56
955 820 57
955 827 107
955 903 48
956 45 35
956 52 233
956 161 5
956 215 66
956 246 108
956 460 70
956 512 252
956 837 111
956 842 188
956 843 72
957 19 55
957 75 54
957 90 135
957 249 13
957 309 68
957 340 13
957 454 25
957 538 145
957 598 151
957 693 37
957 772 44
957 789 89
957 825 192
957 828 170
957 892 5
958 15 35
958 41 27
958 81 5
958 122 71
958 192 316
958 355 74
958 493 122
958 543 47
958 581 13
958 615 64
958 630 7
958 652 309
958 889 130
959 21 82
959 174 20
959 185 116
959 215 39
959 303 95
959 355 96
959 392 19
959 423 16
959 747 251
959 776 56
959 829 215
960 256 207
960 451 55
960 459 377
960 486 24
960 577 109
960 707 38
960 720 19
961 192 183
961 210 167
961 225 125
961 246 51
961 268 27
961 290 281
961 302 309
961 337 25
961 504 73
961 524 161
961 569 65
961 577 83
961 602 156
961 633 18
961 701 90
961 923 266
961 926 63
962 0 248
962 87 196
962 289 131
962 490 107
962 657 112
962 730 5
963 124 140
963 136 113
963 239 175
963 259 107
963 546 48
963 619 13
963 772 67
963 806 58
963 883 62
964 280 132
964 526 268
964 571 64
964 645 194
964 703 21
964 764 6
964 809 51
964 869 44
964 938 118
965 112 81
965 168 6
965 470 84
965 556 79
965 633 330
965 687 229
965 753 170
965 758 46
965 938 25
966 294 114
966 530 79
966 767 47
966 888 51
967 66 56
967 198 21
967 374 240
967 400 33
967 426 52
967 458 126
967 655 253
967 782 38
967 816 168
967 832 56
968 17 54
968 31 203
968 144 68
968 168 7
968 267 96
968 269 78
968 759 299
968 772 266
968 791 162
968 820 33
969 2 43
969 199 17
969 314 187
969 494 186
969 522 120
969 528 47
969 660 135
969 668 44
969 876 32
969 940 5
970 2 82
970 211 85
970 231 127
970 232 50
970 546 73
970 550 632
970 574 102
970 734 50
970 740 59
970 743 56
970 825 249
970 841 191
970 945 189
971 9 9
971 71 9
971 171 24
971 285 85
971 298 22
971 340 33
971 464 349
971 606 12
971 674 119
971 698 55
971 752 24
971 961 76
972 14 13
972 67 21
972 236 6
972 322 137
972 337 142
972 358 87
972 427 130
972 489 204
973 36 80
973 177 338
973 185 7
973 340 100
973 355 78
973 558 175
973 565 24
973 632 70
973 650 48
973 710 66
973 858 232
974 207 15
974 446 159
974 565 157
974 671 43
974 741 223
975 15 98
975 59 109
975 125 22
975 563 146
975 570 174
975 644 70
976 8 14
976 127 109
976 173 5
976 233 49
976 283 92
976 573 25
976 685 112
976 717 131
976 826 152
977 89 211
977 133 62
977 260 403
977 468 39
977 513 5
977 688 43
977 713 94
977 767 35
977 865 295
977 941 39
978 131 9
978 180 126
978 204 40
978 354 110
978 478 72
978 574 156
978 601 110
978 603 61
978 653 153
978 741 81
978 749 48
978 906 91
979 49 138
979 74 22
979 154 84
979 251 472
979 270 117
979 395 186
979 462 71
979 472 60
979 742 18
980 96 258
980 209 142
980 368 19
980 474 93
980 743 57
980 878 217
981 36 138
981 427 213
981 461 124
981 476 182
981 493 11
981 521 116
981 639 55
981 911 53
981 962 130
981 971 453
982 146 116
982 229 37
982 273 150
982 668 211
982 838 68
982 881 106
982 962 248
983 87 232
983 186 119
983 393 102
983 451 113
983 475 19
983 500 217
983 623 65
983 979 9
984 175 154
984 210 17
984 292 109
984 363 9
984 481 112
984 588 5
984 613 189
984 663 41
984 786 263
985 78 116
985 99 24
985 339 74
985 476 238
985 569 114
985 581 50
985 813 27
985 846 5
985 849 75
985 973 24
985 980 233
986 149 213
986 306 27
986 326 293
986 329 65
986 346 113
986 364 69
986 432 5
986 655 18
986 677 23
986 758 171
986 788 18
986 856 53
986 865 55
986 962 332
986 963 143
987 14 101
987 17 150
987 67 5
987 115 22
987 234 98
987 329 32
987 529 78
987 537 5
987 549 66
987 944 34
987 962 252
988 28 133
988 88 183
988 125 182
988 177 134
988 211 114
988 273 154
988 402 146
988 673 23
988 844 170
988 899 53
988 950 8
989 36 74
989 301 50
989 318 18
989 857 155
990 33 22
990 44 133
990 53 256
990 160 39
990 228 6
990 356 7
990 412 98
990 515 67
990 662 44
990 684 251
990 729 121
990 874 23
991 46 5
991 57 28
991 112 11
991 155 82
991 335 56
991 554 157
991 796 169
991 974 20
992 165 33
992 233 49
992 255 55
992 259 131
992 294 5
992 408 29
992 778 36
992 908 72
993 109 384
993 157 94
993 170 21
993 226 16
993 288 239
993 364 31
993 452 28
993 484 146
993 587 221
993 862 48
993 870 256
993 904 89
993 909 63
993 972 204
993 979 92
994 136 90
994 160 72
994 273 70
994 364 113
994 379 19
994 407 109
994 705 5
994 774 22
994 950 12
994 966 93
994 981 16
994 991 139
995 1 34
995 50 9
995 225 17
995 306 240
995 520 94
995 813 83
995 844 19
995 866 402
995 876 395
995 900 140
995 946 173
996 96 131
996 112 54
996 203 78
996 244 20
996 389 62
996 444 13
996 539 322
996 573 83
996 786 40
996 816 27
996 834 35
996 886 53
997 28 14
997 96 71
997 200 5
997 406 11
997 684 15
997 783 31
997 820 145
997 839 98
997 933 72
998 92 55
998 109 20
998 173 355
998 232 21
998 249 10
998 476 26
998 564 168
998 652 101
998 689 110
998 815 14
998 875 73
998 954 94
999 47 44
999 328 23
999 384 149
999 557 152
999 618 18
999 660 34
999 661 114
999 764 60
1000
567 743 ?
143 90 150
488 194 28
769 564 8
238 489 106
571 608 226
221 377 9
117 922 ?
643 814 28
800 572 123
450 285 151
127 73 70
800 791 97
79 230 ?
433 419 14
403 410 60
590 295 92
183 829 ?
423 901 76
814 881 -1
721 759 8
911 39 ?
282 115 ?
696 500 116
149 988 54
617 977 58
279 818 13
835 370 93
201 439 ?
340 236 85
350 636 27
939 528 -1
618 155 ?
18 881 168
195 446 ?
391 754 180
170 7 ?
443 812 ?
461 324 120
452 656 ?
783 868 36
425 714 ?
257 16 ?
498 432 39
638 755 133
39 844 9
70 419 ?
99 756 229
486 824 ?
145 367 133
182 653 32
39 343 14
681 894 ?
764 340 113
893 912 ?
892 473 ?
671 76 ?
896 876 43
246 315 -1
141 830 149
268 328 5
801 546 5
402 586 ?
462 987 ?
700 252 ?
297 66 ?
697 936 ?
758 958 274
16 26 71
272 853 -1
446 256 149
552 799 52
474 958 ?
272 193 39
776 680 -1
462 224 -1
752 991 11
895 254 ?
201 920 43
640 395 145
840 456 5
231 482 91
445 489 5
572 218 -1
884 19 266
294 992 -1
851 417 112
926 105 ?
562 783 15
420 33 234
751 888 52
893 602 41
585 768 139
946 246 ?
411 240 117
941 36 31
471 203 9
924 340 30
312 58 197
242 139 62
708 761 41
34 718 ?
719 387 ?
507 891 -1
154 38 60
770 614 144
48 791 166
178 27 -1
589 219 38
998 855 ?
830 309 26
961 633 -1
135 879 56
253 682 47
377 388 ?
929 308 ?
365 14 234
338 554 -1
37 118 221
711 954 ?
871 806 ?
877 974 77
498 103 -1
431 881 ?
295 697 30
538 13 ?
752 399 154
347 696 ?
689 240 ?
437 12 305
674 710 ?
500 346 5
222 795 98
856 189 158
810 997 87
620 575 -1
588 844 -1
419 627 229
279 211 371
533 851 67
360 679 ?
1 294 25
975 447 14
899 546 ?
353 719 20
791 460 ?
889 479 ?
505 796 ?
111 61 ?
873 954 48
672 495 -1
362 359 182
181 265 156
270 595 19
624 537 5
603 356 129
655 624 -1
950 434 72
660 613 -1
209 778 ?
683 151 252
591 304 156
341 625 22
443 48 ?
166 39 ?
720 114 -1
667 807 96
159 963 16
674 198 185
541 775 -1
108 59 45
557 911 27
883 200 5
330 710 ?
920 26 7
498 753 ?
588 434 44
744 365 27
662 535 52
962 656 31
665 292 ?
713 242 93
444 936 ?
519 986 ?
116 911 -1
306 997 ?
903 242 85
772 980 ?
538 853 156
7 629 141
811 422 ?
706 406 -1
279 575 -1
271 579 15
282 569 ?
411 362 267
320 526 ?
562 43 ?
349 353 19
116 966 ?
786 58 ?
853 1 14
209 9 148
400 19 ?
336 436 ?
844 208 ?
436 155 ?
113 635 5
481 284 ?
180 731 23
849 883 ?
715 922 ?
375 918 89
954 55 -1
593 128 ?
27 955 ?
182 764 283
452 72 -1
454 44 73
134 492 20
10 500 158
452 371 66
849 888 46
937 570 36
324 184 63
783 501 277
127 344 ?
383 981 ?
139 9 142
510 789 ?
593 657 ?
357 600 -1
648 430 159
488 54 156
639 519 5
252 566 70
363 86 ?
502 162 -1
267 699 336
552 859 ?
152 80 -1
485 721 35
914 946 ?
155 404 -1
45 760 35
844 229 5
612 356 200
809 969 95
204 769 78
19 658 ?
395 399 360
711 297 ?
128 712 ?
671 578 ?
537 734 268
534 877 120
244 807 ?
705 242 7
190 536 ?
282 931 145
911 26 ?
579 865 ?
146 472 9
551 103 ?
602 566 ?
9 290 219
538 240 6
286 360 ?
417 483 -1
76 120 93
201 160 112
489 921 166
114 130 35
775 440 ?
199 367 5
568 267 ?
684 394 -1
382 152 28
888 300 17
852 256 ?
664 574 -1
111 232 -1
859 11 257
48 722 327
923 259 -1
475 32 ?
992 916 112
800 652 285
113 907 ?
599 522 ?
974 673 17
452 993 -1
429 830 -1
274 425 46
81 34 ?
217 606 154
991 508 ?
976 508 11
820 880 ?
507 330 10
530 725 ?
510 450 187
467 718 148
303 975 ?
459 698 107
829 331 40
234 578 ?
5 282 -1
229 293 71
257 569 ?
332 478 ?
860 341 93
949 693 60
961 302 -1
743 313 46
908 643 42
706 726 29
712 256 -1
950 772 ?
299 219 -1
623 912 ?
872 48 ?
643 420 ?
480 354 -1
680 363 -1
716 305 25
983 358 ?
511 779 51
839 882 84
358 422 12
650 260 84
978 777 67
828 396 176
551 393 ?
536 521 -1
797 473 ?
450 295 28
539 638 101
420 187 ?
863 304 ?
24 349 413
957 270 ?
843 892 47
396 746 ?
768 127 25
565 795 ?
737 220 128
632 963 ?
398 316 ?
943 364 ?
793 889 384
989 742 106
910 108 ?
335 264 123
876 113 215
251 936 91
987 17 -1
367 931 ?
134 69 ?
33 420 83
263 752 30
826 938 -1
241 673 16
624 994 ?
859 763 110
445 937 15
925 203 ?
951 476 ?
18 149 53
711 63 158
643 62 ?
575 710 -1
738 683 ?
232 344 ?
978 122 8
297 85 28
985 217 147
66 124 81
720 811 107
986 374 97
704 569 -1
682 808 39
470 18 ?
857 1 98
996 656 13
893 796 ?
920 938 20
752 853 288
935 488 32
462 686 5
419 756 33
477 179 143
902 480 -1
166 795 33
305 434 165
297 92 -1
322 255 ?
655 334 51
909 938 -1
112 294 ?
62 312 70
650 434 104
567 988 ?
921 458 -1
660 882 ?
610 795 ?
618 530 42
19 768 171
160 859 280
692 305 53
736 712 ?
506 42 ?
655 921 -1
456 596 149
414 655 ?
399 374 47
748 757 270
879 460 ?
755 529 7
590 423 280
650 670 48
5 956 73
979 135 108
686 945 ?
782 273 -1
705 860 ?
937 309 68
700 873 ?
27 974 ?
147 252 ?
127 77 ?
158 620 59
579 184 -1
946 258 468
746 104 15
186 347 25
667 423 ?
334 594 5
418 948 -1
2 578 103
876 140 110
558 333 ?
175 299 91
129 442 -1
866 989 24
311 446 -1
299 840 ?
73 953 ?
793 797 43
356 138 -1
414 313 93
827 955 -1
782 620 66
542 697 ?
109 505 ?
338 246 ?
790 84 28
677 911 33
745 432 ?
436 66 -1
355 643 ?
335 299 ?
861 780 ?
121 645 ?
364 576 ?
753 220 ?
940 104 10
518 964 67
45 579 399
521 406 59
555 527 76
156 818 -1
675 390 119
601 567 80
892 526 12
948 323 113
674 825 93
186 108 ?
485 327 -1
857 961 ?
51 90 29
495 27 119
162 975 544
540 933 63
615 765 ?
843 63 574
381 720 -1
535 224 260
58 758 526
13 16 123
657 792 125
773 38 123
751 31 32
654 483 ?
135 752 36
535 750 5
751 579 69
570 788 5
990 381 49
970 944 65
241 635 88
812 24 -1
959 714 40
923 63 5
38 225 109
748 916 139
960 606 137
345 165 ?
721 560 111
831 543 ?
291 227 135
427 752 ?
257 410 63
203 313 56
795 383 112
156 603 165
76 117 ?
129 450 44
969 615 224
79 156 ?
345 575 56
991 731 ?
697 456 104
723 333 103
327 395 ?
726 444 ?
585 605 30
35 953 ?
424 23 104
32 899 86
205 57 ?
513 684 69
268 909 ?
934 819 ?
137 465 256
958 859 ?
908 186 ?
541 382 ?
333 230 -1
664 269 23
383 11 39
616 504 214
73 87 148
722 463 100
629 131 ?
181 423 13
49 465 97
398 709 8
489 65 41
490 770 64
564 61 75
676 706 5
733 916 123
209 884 776
128 252 142
564 970 ?
596 752 102
524 362 88
187 544 5
455 764 ?
568 760 210
976 235 49
573 24 24
694 715 88
943 154 ?
612 181 ?
538 957 -1
600 758 -1
119 152 -1
652 998 -1
907 469 49
67 356 18
444 569 ?
678 558 94
389 416 132
844 354 ?
73 942 -1
287 735 26
557 482 72
867 629 ?
803 366 166
290 415 ?
596 288 ?
939 906 ?
186 696 18
575 27 -1
899 695 163
786 345 ?
168 193 -1
184 46 55
409 776 -1
78 921 ?
717 380 -1
982 186 109
290 516 ?
165 636 90
246 533 139
283 288 ?
470 3 274
533 202 ?
295 350 ?
346 801 80
186 445 129
276 359 22
139 257 149
94 672 369
526 377 146
415 545 ?
73 613 181
92 817 27
263 654 ?
414 356 -1
76 319 26
741 927 275
305 522 29
375 785 41
201 940 82
554 444 ?
728 318 ?
315 591 219
461 190 200
508 751 68
84 509 121
447 471 ?
6 48 ?
541 17 89
626 395 -1
535 177 -1
555 639 49
34 536 -1
694 384 ?
838 110 30
451 290 -1
674 471 ?
286 983 137
863 304 ?
655 703 113
333 761 122
970 658 43
206 226 48
357 697 5
260 551 61
349 171 -1
422 310 ?
143 151 32
266 419 256
477 465 108
330 110 138
309 455 ?
615 27 -1
153 791 -1
685 455 134
184 102 ?
660 589 166
774 165 -1
948 429 17
290 799 90
109 355 ?
336 302 15
590 180 ?
870 882 106
807 506 ?
695 102 ?
74 218 117
248 585 92
313 21 25
285 764 6
616 41 -1
797 304 92
576 810 -1
392 632 121
171 811 -1
768 103 186
964 441 ?
498 393 ?
524 544 -1
498 621 ?
847 100 5
8 33 142
803 725 ?
241 918 5
238 121 121
183 415 ?
930 880 -1
352 611 ?
130 581 76
264 34 ?
764 177 -1
195 324 44
178 209 ?
756 907 -1
733 847 ?
629 83 ?
280 597 ?
443 297 ?
231 661 59
965 185 33
560 366 -1
66 190 ?
816 958 ?
507 282 255
75 706 ?
173 403 68
735 553 97
501 702 150
970 355 201
923 888 5
421 972 5
660 780 138
506 124 56
179 363 79
873 407 ?
833 522 20
171 233 -1
458 598 177
67 244 ?
613 749 ?
39 928 38
520 417 5
517 939 -1
67 965 170
71 272 82
443 651 44
133 722 -1
906 428 91
743 719 -1
13 416 -1
222 387 13
507 638 381
646 499 377
304 246 96
462 1 82
233 538 171
441 737 -1
274 871 ?
444 372 51
7 606 152
551 72 -1
259 833 -1
421 989 230
799 607 52
151 829 ?
866 760 12
110 675 ?
427 52 61
326 693 89
970 752 ?
272 862 69
110 578 23
887 599 8
858 510 6
858 779 ?
778 589 ?
141 273 9
994 550 66
614 592 23
815 110 45
400 398 -1
592 99 254
688 708 38
590 772 ?
471 518 -1
503 707 15
516 682 55
429 314 63
744 544 ?
565 225 16
744 560 ?
133 81 5
863 953 49
218 385 22
936 512 5
419 922 30
109 290 ?
781 994 ?
221 522 5
943 436 38
685 781 ?
493 961 22
543 349 10
767 291 16
245 601 31
409 162 ?
87 24 -1
845 916 ?
74 668 ?
821 168 ?
713 717 101
333 281 165
976 431 ?
768 163 216
136 369 396
626 421 113
470 62 ?
979 673 ?
140 126 91
858 674 71
536 224 8
107 212 -1
789 596 ?
406 116 ?
958 723 ?
611 17 81
633 976 125
347 107 ?
533 570 176
607 621 257
227 916 10
921 374 -1
502 536 23
835 356 ?
149 31 -1
661 646 ?
568 457 193
325 546 26
76 197 132
675 925 ?
191 355 46
19 443 -1
930 419 9
32 945 -1
183 184 50
202 767 ?
78 379 100
539 534 106
385 499 -1
263 530 ?
760 305 ?
673 280 44
374 310 60
649 285 391
208 630 ?
664 328 20
41 234 31
380 283 10
134 383 -1
972 923 ?
649 578 ?
116 324 22
343 711 18
415 517 -1
45 448 ?
30 493 72
91 847 25
431 904 108
431 530 ?
752 492 -1
475 742 161
667 721 296
219 198 154
99 907 11
72 871 125
159 926 126
24 7 -1
806 862 216
682 304 ?
206 868 60
941 547 ?
800 669 150
912 855 ?
915 512 -1
281 492 ?
10 677 177
292 93 60
127 960 45
665 443 -1
204 855 21
538 982 107
277 720 ?
520 655 ?
754 870 10
371 808 87
420 808 38
677 366 80
515 278 ?
595 548 37
796 394 ?
882 27 15
61 619 ?
242 881 7
652 154 86
67 804 ?
737 224 ?
644 948 ?
720 982 142
620 251 57
355 937 39
559 660 73
245 732 116
668 587 ?
523 427 ?
45 523 -1
110 516 216
784 275 ?
71 693 60
161 651 ?
899 949 232
552 815 ?
594 577 -1
325 508 ?
326 620 -1
274 355 -1
457 848 14
673 448 58
787 898 ?
101 654 209
488 9 ?
751 400 59
452 648 ?
890 248 ?
909 864 93
853 463 -1
577 269 43
156 191 23
990 632 99
271 45 18
66 90 -1
534 558 107
757 13 395
960 848 282
534 219 301
478 767 65
479 295 115
945 839 205
789 489 42
884 283 182
980 172 ?
221 376 80
523 673 235
666 882 ?
442 421 22
172 730 33
258 484 45
650 384 118
730 709 31
576 912 ?
441 656 31
356 539 58
291 651 40
726 310 20
265 584 136
907 210 ?
449 741 49
660 4 -1
134 50 ?
967 176 ?
120 236 129
603 302 135
635 681 -1
163 243 118
128 834 117
444 827 5
210 619 -1
831 608 -1
816 747 71
769 993 14
266 297 ?
603 319 ?
955 37 305
365 770 ?
653 939 259
422 69 100
124 149 11
424 741 -1
838 911 23
263 300 69
167 0 ?
216 256 -1
844 627 ?
827 396 52
218 643 -1
844 119 ?
354 103 ?
962 932 ?
876 976 ?
456 662 63
257 42 64
817 277 146
439 676 374
238 243 ?
934 268 139
571 985 159
994 774 -1
931 92 -1
454 499 77
634 498 11
193 232 13
179 565 35
773 849 158
579 653 -1
750 935 ?
40 345 238
896 289 132
228 421 -1
228 438 ?
440 411 94
60 822 183
983 305 36
990 648 ?
610 576 ?
